######### | Auditory Networks: Robust CochResNet50 Experiment, Cochleagram Adversaries - l2_1_adversarial_waveform_vs_l2_1_adversarial_cochleagram_cochresnet50 | #########
NUM_PERMUTATIONS = 10000
MODELS_INCLUDED_IN_ANOVA: cochresnet50_l2_1_robust_cochleagram, cochresnet50_l2_1_robust_waveform

model_idx =

     2     5


anova_comparison_data_matrix(:,:,1) =

    0.9000    0.5000    0.8000    0.9000    1.0000    0.8000    0.9000    0.4444    0.5556
    0.8000    1.0000    1.0000    0.9000    0.9000    1.0000    0.8000    0.6667    0.3000
    0.7778    0.9000    0.6667    0.9000    0.7778    0.7000    0.6000    0.6000    0.5000
    0.8000    0.6667    0.9000    1.0000    0.8000    1.0000    0.8889    0.3000    0.3750
    0.9000    1.0000    0.9000    0.7500    1.0000    1.0000    1.0000    0.6000    0.8000
    0.9000    0.8000    0.9000    0.9000    0.8000    0.8889    1.0000    0.1000    0.2222
    0.8889    1.0000    0.7000    0.8000    1.0000    0.6667    0.6250    0.5556    0.5000
    0.9000    0.9000    0.8889    0.6000    0.6000    0.8000    0.8000    0.3000    0.4444
    0.9000    0.7000    1.0000    0.9000    0.9000    1.0000    0.5000    0.5000    0.2000
    0.9000    0.7000    0.8889    1.0000    0.7000    0.8000    0.8000    0.3000    0.5556
    0.8889    1.0000    0.7500    0.9000    0.8000    0.8000    0.9000    0.4000    0.4000
    0.7000    1.0000    0.9000    1.0000    0.8889    0.7000    0.8000    0.7778    0.6000
    0.8000    0.9000    0.9000    0.7778    0.8000    1.0000    0.9000    0.4000    0.5556
    0.6000    0.8000    0.7000    0.9000    0.7000    0.7000    0.7778    0.6000    0.7000
    0.8889    0.6000    1.0000    1.0000    0.8889    1.0000    0.6667    0.6000    0.1000
    1.0000    0.9000    0.8000    1.0000    1.0000    0.8889    1.0000    0.1000    0.5000
    0.6000    1.0000    1.0000    0.9000    0.9000    0.7778    0.9000    0.5000    0.5556
    0.6000    0.7000    0.7000    0.5000    0.7000    0.6667    0.5000    0.4000    0.3000
    0.7000    0.8000    0.7000    1.0000    1.0000    0.9000    0.6000    0.5000    0.3000
    0.9000    1.0000    0.9000    0.9000    0.9000    0.9000    0.9000    0.4000    0.4000


anova_comparison_data_matrix(:,:,2) =

    0.9000    0.8000    0.8000    0.9000    0.8000    0.4000    0.6000    0.2500    0.1000
    0.8000    0.8000    0.9000    1.0000    1.0000    1.0000    0.6667    0.2000         0
    0.7778    0.9000    0.9000    0.7000    0.8000    0.7500    0.5000         0         0
    0.8000    1.0000    0.8889    1.0000    0.8000    0.9000    0.3000    0.1000    0.1000
    0.9000    0.9000    1.0000    1.0000    0.9000    1.0000    0.7000         0    0.3000
    0.9000    0.9000    1.0000    0.8000    0.8000    0.9000    0.7000    0.1000         0
    0.8889    0.9000    0.9000    1.0000    1.0000    1.0000    0.9000    0.2000    0.1111
    0.9000    1.0000    0.8000    1.0000    0.7778    0.9000    0.3000    0.1000    0.1000
    0.9000    0.8889    1.0000    1.0000    0.6000    1.0000    0.4000         0    0.4444
    0.9000    0.6000    0.9000    0.7000    0.7778    0.8000    0.6000    0.1111    0.2000
    0.8889    0.8000    0.9000    0.7778    0.8889    0.8000    0.5000    0.3000         0
    0.7000    0.8889    0.9000    1.0000    0.9000    0.7000    0.4444         0         0
    0.8000    0.9000    1.0000    0.9000    0.9000    0.8889    0.7778         0    0.3000
    0.6000    0.7000    0.9000    0.5000    0.7778    0.8000    0.6667    0.1111         0
    0.8889    0.7000    1.0000    1.0000    0.8000    0.9000    0.6000    0.1250    0.1111
    1.0000    0.8889    0.9000    0.9000    0.9000    0.7778    0.5556    0.1000    0.1000
    0.6000    0.9000    0.6000    0.9000    0.8889    1.0000    0.7500         0         0
    0.6000    0.8000    0.4000    0.8000    0.7000    0.9000    0.5000         0    0.1000
    0.7000    1.0000    0.7778    0.7000    0.7000    1.0000    0.5556    0.2222         0
    0.9000    0.8889    0.9000    0.7778    0.9000    0.8000    0.6667         0    0.1000


reshaped_participant_data_matrix =

    0.7556    0.6167
    0.8185    0.7074
    0.7136    0.5920
    0.7478    0.6543
    0.8833    0.7444
    0.7235    0.6778
    0.7485    0.7667
    0.6926    0.6531
    0.7333    0.6926
    0.7383    0.6210
    0.7599    0.6506
    0.8185    0.6148
    0.7815    0.7185
    0.7198    0.5617
    0.7494    0.6806
    0.7988    0.6802
    0.7926    0.6265
    0.5630    0.5333
    0.7222    0.6284
    0.8000    0.6593


p_value_interaction =

   1.0000e-04


p_value_main_effect_model =

   1.0000e-04

l2_1_adversarial_waveform_vs_l2_1_adversarial_cochleagram_cochresnet50 Full ANOVA
                                     SumSq     DF      MeanSq       F         pValue       pValueGG      pValueHF      pValueLB     partial_etaSquared
                                    _______    ___    ________    ______    __________    __________    __________    __________    __________________

    (Intercept)                      178.17      1      178.17    3329.5    8.3188e-23    8.3188e-23    8.3188e-23    8.3188e-23             NaN      
    Error                            1.0168     19    0.053514                                                                               NaN      
    (Intercept):layer                19.959      8      2.4948    134.08    7.2438e-65    1.8921e-46    7.2438e-65    4.7235e-10         0.87588      
    Error(layer)                     2.8283    152    0.018607                                                                               NaN      
    (Intercept):model_type          0.88259      1     0.88259    66.618    1.2428e-07    1.2428e-07    1.2428e-07    1.2428e-07         0.77808      
    Error(model_type)               0.25172     19    0.013249                                                                               NaN      
    (Intercept):layer:model_type     1.9899      8     0.24874    17.162     5.057e-18    1.0433e-11    2.3019e-15    0.00055309         0.47459      
    Error(layer:model_type)           2.203    152    0.014493                                                                               NaN      

F(model) main effect: 66.6177
p_value main effect : 0.0001
F(model, stage) interaction: 17.1621
p_value interaction : 0.0001
