######### | Auditory Networks: Robust CochResNet50 Experiment, Cochleagram Adversaries - l2_p5_adversarial_coch_vs_standard_cochresnet50_cochleagram | #########
NUM_PERMUTATIONS = 10000
MODELS_INCLUDED_IN_ANOVA: cochresnet50, cochresnet50_l2_p5_robust_cochleagram

model_idx =

     1     3


anova_comparison_data_matrix(:,:,1) =

  Columns 1 through 8

    0.9000    0.7000    1.0000    0.6667    1.0000    0.8000    0.2500    0.2222
    0.8000    1.0000    0.9000    1.0000    1.0000    0.7000    0.2000    0.5000
    0.7778    0.6000    0.9000    0.7000    0.9000    1.0000    0.2000         0
    0.8000    0.8000    0.8889    0.9000    1.0000    0.7778         0         0
    0.9000    0.9000    1.0000    1.0000    0.9000    0.9000    0.2000    0.6667
    0.9000    1.0000    0.8000    0.6667    0.9000    0.9000    0.3000    0.3000
    0.8889    0.9000    1.0000    0.9000    0.8000    1.0000    0.2000    0.1000
    0.9000    0.9000    0.8000    1.0000    1.0000    0.9000         0    0.1000
    0.9000    0.9000    0.8000    0.7000    0.6000    0.7778         0         0
    0.9000    1.0000    0.8889    0.7000    0.6000    0.7000         0    0.1000
    0.8889    0.8000    0.7000    0.7000    1.0000    0.9000    0.1111    0.1000
    0.7000    0.8000    0.9000    0.9000    0.8000    1.0000    0.1111    0.1000
    0.8000    0.6667    1.0000    0.8889    0.8889    1.0000    0.2000    0.3000
    0.6000    0.6667    0.8000    0.8000    0.8000    0.9000         0    0.1000
    0.8889    1.0000    1.0000    1.0000    0.8000    1.0000         0    0.2000
    1.0000    0.9000    0.8889    0.8000    0.8000    0.9000    0.1000    0.1000
    0.6000    0.8000    0.8000    0.9000    0.9000    0.7000    0.1000    0.3000
    0.6000    0.2857    1.0000    0.6000    0.5000    0.8000    0.1000    0.3333
    0.7000    0.8000    0.7000    0.9000    0.9000    0.9000    0.2000    0.2000
    0.9000    0.8000    0.6667    1.0000    0.9000    0.6000         0    0.1000

  Column 9

    0.2000
    0.1111
    0.2000
         0
    0.4000
    0.4444
    0.3000
         0
    0.1111
    0.2222
         0
         0
    0.3000
    0.4444
         0
    0.3000
    0.2222
         0
    0.1000
         0


anova_comparison_data_matrix(:,:,2) =

  Columns 1 through 8

    0.9000    0.8889    0.9000    0.7000    0.9000    0.8000    0.9000    0.6000
    0.8000    0.9000    1.0000    0.9000    1.0000    0.8000    0.8000    0.3000
    0.7778    0.9000    0.9000    0.8000    0.8000    0.5556    0.4444    0.1000
    0.8000    1.0000    0.7778    0.6000    0.9000    0.8000    0.7000         0
    0.9000    1.0000    0.9000    1.0000    0.9000    1.0000    0.8000    0.4000
    0.9000    0.9000    0.7000    0.6000    0.9000    0.9000    0.7778    0.5000
    0.8889    0.9000    0.8000    0.9000    0.8889    0.7000    0.8889    0.3000
    0.9000    0.8000    0.8889    0.8889    0.9000    1.0000    0.9000    0.4000
    0.9000    0.6000    0.8000    0.9000    0.8000    0.8889    0.5556    0.2000
    0.9000    1.0000    1.0000    0.8000    0.8000    1.0000    0.7000    0.1000
    0.8889    1.0000    1.0000    0.7000    0.9000    0.8000    0.5556    0.1000
    0.7000    1.0000    0.8000    1.0000    0.7000    0.9000    0.8000    0.7000
    0.8000    1.0000    1.0000    0.9000    0.8000    0.8000    0.5000    0.3000
    0.6000    0.8889    0.7000    1.0000    0.8000    0.8000    0.8000    0.5000
    0.8889    0.9000    0.8889    1.0000    1.0000    1.0000    0.8889    0.5000
    1.0000    0.8889    1.0000    0.9000    0.9000    0.9000    0.7000    0.5556
    0.6000    1.0000    0.8000    1.0000    1.0000    0.5556    0.9000    0.3000
    0.6000    0.6000    0.7000    0.6000    0.5000    0.7000    0.2000    0.5556
    0.7000    0.8889    0.9000    1.0000    0.9000    0.9000    0.7000    0.5000
    0.9000    1.0000    0.9000    0.7778    0.8000    0.5556    0.7778    0.3000

  Column 9

    0.5000
    0.4000
    0.2222
    0.1000
    0.4000
    0.4444
    0.7778
    0.1000
    0.4000
    0.4000
    0.5000
    0.5000
    0.5000
    0.3000
    0.4000
    0.3333
    0.3000
    0.3333
    0.2222
    0.3333


reshaped_participant_data_matrix =

    0.6377    0.7877
    0.6901    0.7667
    0.5864    0.6111
    0.5741    0.6309
    0.7630    0.8111
    0.6901    0.7358
    0.6765    0.7827
    0.6222    0.7531
    0.5321    0.6716
    0.5679    0.7444
    0.5778    0.7160
    0.5901    0.7889
    0.6716    0.7333
    0.5679    0.7099
    0.6543    0.8296
    0.6432    0.7975
    0.5914    0.7173
    0.4688    0.5321
    0.6000    0.7457
    0.5519    0.7049


p_value_interaction =

   1.0000e-04


p_value_main_effect_model =

   1.0000e-04

l2_p5_adversarial_coch_vs_standard_cochresnet50_cochleagram Full ANOVA
                                     SumSq     DF      MeanSq       F         pValue       pValueGG      pValueHF      pValueLB     partial_etaSquared
                                    _______    ___    ________    ______    __________    __________    __________    __________    __________________

    (Intercept)                      161.93      1      161.93    2123.7    5.7906e-21    5.7906e-21    5.7906e-21    5.7906e-21             NaN      
    Error                            1.4488     19    0.076253                                                                               NaN      
    (Intercept):layer                22.713      8      2.8392    134.67     5.406e-65    1.0448e-40    1.2983e-55    4.5518e-10         0.87636      
    Error(layer)                     3.2045    152    0.021082                                                                               NaN      
    (Intercept):model_type           1.2041      1      1.2041    102.25    4.3989e-09    4.3989e-09    4.3989e-09    4.3989e-09          0.8433      
    Error(model_type)               0.22374     19    0.011776                                                                               NaN      
    (Intercept):layer:model_type     3.2178      8     0.40222    30.847    2.8067e-28    1.0971e-18    2.3718e-25    2.3426e-05         0.61883      
    Error(layer:model_type)           1.982    152    0.013039                                                                               NaN      

F(model) main effect: 102.2481
p_value main effect : 0.0001
F(model, stage) interaction: 30.8466
p_value interaction : 0.0001
