######### | Auditory Networks: Robust CochResNet50 Experiment, Cochleagram Adversaries - l2_1_adversarial_waveform_vs_l2_p5_adversarial_cochleagram_cochresnet50 | #########
NUM_PERMUTATIONS = 10000
MODELS_INCLUDED_IN_ANOVA: cochresnet50_l2_p5_robust_cochleagram, cochresnet50_l2_1_robust_waveform

model_idx =

     3     5


anova_comparison_data_matrix(:,:,1) =

    0.9000    0.8889    0.9000    0.7000    0.9000    0.8000    0.9000    0.6000    0.5000
    0.8000    0.9000    1.0000    0.9000    1.0000    0.8000    0.8000    0.3000    0.4000
    0.7778    0.9000    0.9000    0.8000    0.8000    0.5556    0.4444    0.1000    0.2222
    0.8000    1.0000    0.7778    0.6000    0.9000    0.8000    0.7000         0    0.1000
    0.9000    1.0000    0.9000    1.0000    0.9000    1.0000    0.8000    0.4000    0.4000
    0.9000    0.9000    0.7000    0.6000    0.9000    0.9000    0.7778    0.5000    0.4444
    0.8889    0.9000    0.8000    0.9000    0.8889    0.7000    0.8889    0.3000    0.7778
    0.9000    0.8000    0.8889    0.8889    0.9000    1.0000    0.9000    0.4000    0.1000
    0.9000    0.6000    0.8000    0.9000    0.8000    0.8889    0.5556    0.2000    0.4000
    0.9000    1.0000    1.0000    0.8000    0.8000    1.0000    0.7000    0.1000    0.4000
    0.8889    1.0000    1.0000    0.7000    0.9000    0.8000    0.5556    0.1000    0.5000
    0.7000    1.0000    0.8000    1.0000    0.7000    0.9000    0.8000    0.7000    0.5000
    0.8000    1.0000    1.0000    0.9000    0.8000    0.8000    0.5000    0.3000    0.5000
    0.6000    0.8889    0.7000    1.0000    0.8000    0.8000    0.8000    0.5000    0.3000
    0.8889    0.9000    0.8889    1.0000    1.0000    1.0000    0.8889    0.5000    0.4000
    1.0000    0.8889    1.0000    0.9000    0.9000    0.9000    0.7000    0.5556    0.3333
    0.6000    1.0000    0.8000    1.0000    1.0000    0.5556    0.9000    0.3000    0.3000
    0.6000    0.6000    0.7000    0.6000    0.5000    0.7000    0.2000    0.5556    0.3333
    0.7000    0.8889    0.9000    1.0000    0.9000    0.9000    0.7000    0.5000    0.2222
    0.9000    1.0000    0.9000    0.7778    0.8000    0.5556    0.7778    0.3000    0.3333


anova_comparison_data_matrix(:,:,2) =

    0.9000    0.8000    0.8000    0.9000    0.8000    0.4000    0.6000    0.2500    0.1000
    0.8000    0.8000    0.9000    1.0000    1.0000    1.0000    0.6667    0.2000         0
    0.7778    0.9000    0.9000    0.7000    0.8000    0.7500    0.5000         0         0
    0.8000    1.0000    0.8889    1.0000    0.8000    0.9000    0.3000    0.1000    0.1000
    0.9000    0.9000    1.0000    1.0000    0.9000    1.0000    0.7000         0    0.3000
    0.9000    0.9000    1.0000    0.8000    0.8000    0.9000    0.7000    0.1000         0
    0.8889    0.9000    0.9000    1.0000    1.0000    1.0000    0.9000    0.2000    0.1111
    0.9000    1.0000    0.8000    1.0000    0.7778    0.9000    0.3000    0.1000    0.1000
    0.9000    0.8889    1.0000    1.0000    0.6000    1.0000    0.4000         0    0.4444
    0.9000    0.6000    0.9000    0.7000    0.7778    0.8000    0.6000    0.1111    0.2000
    0.8889    0.8000    0.9000    0.7778    0.8889    0.8000    0.5000    0.3000         0
    0.7000    0.8889    0.9000    1.0000    0.9000    0.7000    0.4444         0         0
    0.8000    0.9000    1.0000    0.9000    0.9000    0.8889    0.7778         0    0.3000
    0.6000    0.7000    0.9000    0.5000    0.7778    0.8000    0.6667    0.1111         0
    0.8889    0.7000    1.0000    1.0000    0.8000    0.9000    0.6000    0.1250    0.1111
    1.0000    0.8889    0.9000    0.9000    0.9000    0.7778    0.5556    0.1000    0.1000
    0.6000    0.9000    0.6000    0.9000    0.8889    1.0000    0.7500         0         0
    0.6000    0.8000    0.4000    0.8000    0.7000    0.9000    0.5000         0    0.1000
    0.7000    1.0000    0.7778    0.7000    0.7000    1.0000    0.5556    0.2222         0
    0.9000    0.8889    0.9000    0.7778    0.9000    0.8000    0.6667         0    0.1000


reshaped_participant_data_matrix =

    0.7877    0.6167
    0.7667    0.7074
    0.6111    0.5920
    0.6309    0.6543
    0.8111    0.7444
    0.7358    0.6778
    0.7827    0.7667
    0.7531    0.6531
    0.6716    0.6926
    0.7444    0.6210
    0.7160    0.6506
    0.7889    0.6148
    0.7333    0.7185
    0.7099    0.5617
    0.8296    0.6806
    0.7975    0.6802
    0.7173    0.6265
    0.5321    0.5333
    0.7457    0.6284
    0.7049    0.6593


p_value_interaction =

   1.0000e-04


p_value_main_effect_model =

   1.0000e-04

l2_1_adversarial_waveform_vs_l2_p5_adversarial_cochleagram_cochresnet50 Full ANOVA
                                     SumSq     DF      MeanSq       F         pValue       pValueGG      pValueHF      pValueLB     partial_etaSquared
                                    _______    ___    ________    ______    __________    __________    __________    __________    __________________

    (Intercept)                      172.02      1      172.02    2836.1    3.7836e-22    3.7836e-22    3.7836e-22    3.7836e-22             NaN      
    Error                            1.1524     19    0.060654                                                                               NaN      
    (Intercept):layer                23.069      8      2.8837     161.6    2.6879e-70    1.5709e-49    2.6879e-70    9.7243e-11          0.8948      
    Error(layer)                     2.7123    152    0.017844                                                                               NaN      
    (Intercept):model_type          0.49981      1     0.49981    28.848    3.4947e-05    3.4947e-05    3.4947e-05    3.4947e-05         0.60291      
    Error(model_type)               0.32919     19    0.017326                                                                               NaN      
    (Intercept):layer:model_type     1.1472      8      0.1434    10.135     2.783e-11    3.4423e-08    6.8758e-11     0.0048919         0.34785      
    Error(layer:model_type)          2.1508    152     0.01415                                                                               NaN      

F(model) main effect: 28.848
p_value main effect : 0.0001
F(model, stage) interaction: 10.1346
p_value interaction : 0.0001
