######### | Auditory Networks: Robust CochResNet50 Experiment, Cochleagram Adversaries - l2_adversarial_cochleagram_perturbation_size_cochresnet50 | #########
NUM_PERMUTATIONS = 10000
MODELS_INCLUDED_IN_ANOVA: cochresnet50_l2_1_robust_cochleagram, cochresnet50_l2_p5_robust_cochleagram

model_idx =

     2     3


anova_comparison_data_matrix(:,:,1) =

    0.9000    0.5000    0.8000    0.9000    1.0000    0.8000    0.9000    0.4444    0.5556
    0.8000    1.0000    1.0000    0.9000    0.9000    1.0000    0.8000    0.6667    0.3000
    0.7778    0.9000    0.6667    0.9000    0.7778    0.7000    0.6000    0.6000    0.5000
    0.8000    0.6667    0.9000    1.0000    0.8000    1.0000    0.8889    0.3000    0.3750
    0.9000    1.0000    0.9000    0.7500    1.0000    1.0000    1.0000    0.6000    0.8000
    0.9000    0.8000    0.9000    0.9000    0.8000    0.8889    1.0000    0.1000    0.2222
    0.8889    1.0000    0.7000    0.8000    1.0000    0.6667    0.6250    0.5556    0.5000
    0.9000    0.9000    0.8889    0.6000    0.6000    0.8000    0.8000    0.3000    0.4444
    0.9000    0.7000    1.0000    0.9000    0.9000    1.0000    0.5000    0.5000    0.2000
    0.9000    0.7000    0.8889    1.0000    0.7000    0.8000    0.8000    0.3000    0.5556
    0.8889    1.0000    0.7500    0.9000    0.8000    0.8000    0.9000    0.4000    0.4000
    0.7000    1.0000    0.9000    1.0000    0.8889    0.7000    0.8000    0.7778    0.6000
    0.8000    0.9000    0.9000    0.7778    0.8000    1.0000    0.9000    0.4000    0.5556
    0.6000    0.8000    0.7000    0.9000    0.7000    0.7000    0.7778    0.6000    0.7000
    0.8889    0.6000    1.0000    1.0000    0.8889    1.0000    0.6667    0.6000    0.1000
    1.0000    0.9000    0.8000    1.0000    1.0000    0.8889    1.0000    0.1000    0.5000
    0.6000    1.0000    1.0000    0.9000    0.9000    0.7778    0.9000    0.5000    0.5556
    0.6000    0.7000    0.7000    0.5000    0.7000    0.6667    0.5000    0.4000    0.3000
    0.7000    0.8000    0.7000    1.0000    1.0000    0.9000    0.6000    0.5000    0.3000
    0.9000    1.0000    0.9000    0.9000    0.9000    0.9000    0.9000    0.4000    0.4000


anova_comparison_data_matrix(:,:,2) =

    0.9000    0.8889    0.9000    0.7000    0.9000    0.8000    0.9000    0.6000    0.5000
    0.8000    0.9000    1.0000    0.9000    1.0000    0.8000    0.8000    0.3000    0.4000
    0.7778    0.9000    0.9000    0.8000    0.8000    0.5556    0.4444    0.1000    0.2222
    0.8000    1.0000    0.7778    0.6000    0.9000    0.8000    0.7000         0    0.1000
    0.9000    1.0000    0.9000    1.0000    0.9000    1.0000    0.8000    0.4000    0.4000
    0.9000    0.9000    0.7000    0.6000    0.9000    0.9000    0.7778    0.5000    0.4444
    0.8889    0.9000    0.8000    0.9000    0.8889    0.7000    0.8889    0.3000    0.7778
    0.9000    0.8000    0.8889    0.8889    0.9000    1.0000    0.9000    0.4000    0.1000
    0.9000    0.6000    0.8000    0.9000    0.8000    0.8889    0.5556    0.2000    0.4000
    0.9000    1.0000    1.0000    0.8000    0.8000    1.0000    0.7000    0.1000    0.4000
    0.8889    1.0000    1.0000    0.7000    0.9000    0.8000    0.5556    0.1000    0.5000
    0.7000    1.0000    0.8000    1.0000    0.7000    0.9000    0.8000    0.7000    0.5000
    0.8000    1.0000    1.0000    0.9000    0.8000    0.8000    0.5000    0.3000    0.5000
    0.6000    0.8889    0.7000    1.0000    0.8000    0.8000    0.8000    0.5000    0.3000
    0.8889    0.9000    0.8889    1.0000    1.0000    1.0000    0.8889    0.5000    0.4000
    1.0000    0.8889    1.0000    0.9000    0.9000    0.9000    0.7000    0.5556    0.3333
    0.6000    1.0000    0.8000    1.0000    1.0000    0.5556    0.9000    0.3000    0.3000
    0.6000    0.6000    0.7000    0.6000    0.5000    0.7000    0.2000    0.5556    0.3333
    0.7000    0.8889    0.9000    1.0000    0.9000    0.9000    0.7000    0.5000    0.2222
    0.9000    1.0000    0.9000    0.7778    0.8000    0.5556    0.7778    0.3000    0.3333


reshaped_participant_data_matrix =

    0.7556    0.7877
    0.8185    0.7667
    0.7136    0.6111
    0.7478    0.6309
    0.8833    0.8111
    0.7235    0.7358
    0.7485    0.7827
    0.6926    0.7531
    0.7333    0.6716
    0.7383    0.7444
    0.7599    0.7160
    0.8185    0.7889
    0.7815    0.7333
    0.7198    0.7099
    0.7494    0.8296
    0.7988    0.7975
    0.7926    0.7173
    0.5630    0.5321
    0.7222    0.7457
    0.8000    0.7049


p_value_interaction =

    0.0949


p_value_main_effect_model =

    0.0609

l2_adversarial_cochleagram_perturbation_size_cochresnet50 Full ANOVA
                                     SumSq     DF      MeanSq       F         pValue       pValueGG      pValueHF      pValueLB     partial_etaSquared
                                    _______    ___    ________    ______    __________    __________    __________    __________    __________________

    (Intercept)                      197.55      1      197.55    2795.1    4.3416e-22    4.3416e-22    4.3416e-22    4.3416e-22              NaN     
    Error                            1.3429     19    0.070677                                                                                NaN     
    (Intercept):layer                11.838      8      1.4797     67.95    2.4127e-46    1.8313e-28    3.1363e-38    1.0713e-07          0.78148     
    Error(layer)                       3.31    152    0.021776                                                                                NaN     
    (Intercept):model_type          0.05405      1     0.05405    3.9477      0.061547      0.061547      0.061547      0.061547          0.17203     
    Error(model_type)               0.26013     19    0.013691                                                                                NaN     
    (Intercept):layer:model_type    0.19689      8    0.024611    1.7069       0.10096        0.1373       0.10776       0.20699         0.082429     
    Error(layer:model_type)          2.1917    152    0.014419                                                                                NaN     

F(model) main effect: 3.9477
p_value main effect : 0.0609
F(model, stage) interaction: 1.7069
p_value interaction : 0.0949
