######### | Auditory Networks: Robust CochResNet50 Experiment, Cochleagram Adversaries - l2_1_adversarial_coch_vs_l2_random_cochresnet50_cochleagram | #########
NUM_PERMUTATIONS = 10000
MODELS_INCLUDED_IN_ANOVA: cochresnet50_l2_1_robust_cochleagram, cochresnet50_l2_1_random_step_cochleagram

model_idx =

     2     4


anova_comparison_data_matrix(:,:,1) =

    0.9000    0.5000    0.8000    0.9000    1.0000    0.8000    0.9000    0.4444    0.5556
    0.8000    1.0000    1.0000    0.9000    0.9000    1.0000    0.8000    0.6667    0.3000
    0.7778    0.9000    0.6667    0.9000    0.7778    0.7000    0.6000    0.6000    0.5000
    0.8000    0.6667    0.9000    1.0000    0.8000    1.0000    0.8889    0.3000    0.3750
    0.9000    1.0000    0.9000    0.7500    1.0000    1.0000    1.0000    0.6000    0.8000
    0.9000    0.8000    0.9000    0.9000    0.8000    0.8889    1.0000    0.1000    0.2222
    0.8889    1.0000    0.7000    0.8000    1.0000    0.6667    0.6250    0.5556    0.5000
    0.9000    0.9000    0.8889    0.6000    0.6000    0.8000    0.8000    0.3000    0.4444
    0.9000    0.7000    1.0000    0.9000    0.9000    1.0000    0.5000    0.5000    0.2000
    0.9000    0.7000    0.8889    1.0000    0.7000    0.8000    0.8000    0.3000    0.5556
    0.8889    1.0000    0.7500    0.9000    0.8000    0.8000    0.9000    0.4000    0.4000
    0.7000    1.0000    0.9000    1.0000    0.8889    0.7000    0.8000    0.7778    0.6000
    0.8000    0.9000    0.9000    0.7778    0.8000    1.0000    0.9000    0.4000    0.5556
    0.6000    0.8000    0.7000    0.9000    0.7000    0.7000    0.7778    0.6000    0.7000
    0.8889    0.6000    1.0000    1.0000    0.8889    1.0000    0.6667    0.6000    0.1000
    1.0000    0.9000    0.8000    1.0000    1.0000    0.8889    1.0000    0.1000    0.5000
    0.6000    1.0000    1.0000    0.9000    0.9000    0.7778    0.9000    0.5000    0.5556
    0.6000    0.7000    0.7000    0.5000    0.7000    0.6667    0.5000    0.4000    0.3000
    0.7000    0.8000    0.7000    1.0000    1.0000    0.9000    0.6000    0.5000    0.3000
    0.9000    1.0000    0.9000    0.9000    0.9000    0.9000    0.9000    0.4000    0.4000


anova_comparison_data_matrix(:,:,2) =

    0.9000    0.8889    0.8000    0.7778    0.8000    0.7000    0.1111    0.3000    0.3000
    0.8000    0.9000    0.7000    0.8889    1.0000    0.8889    0.2000    0.2000    0.3000
    0.7778    0.9000    0.9000    0.7000    0.7778    0.7000         0    0.2000    0.3000
    0.8000    1.0000    0.8000    0.9000    0.8000    0.9000         0         0         0
    0.9000    0.9000    0.8000    0.9000    1.0000    0.8000    0.1000    0.3333    0.2222
    0.9000    0.9000    0.8000    0.6000    0.9000    0.6667    0.1000    0.1000    0.4000
    0.8889    1.0000    0.8000    1.0000    1.0000    1.0000    0.2000    0.2000    0.3000
    0.9000    1.0000    1.0000    0.7000    0.7000    0.7000    0.2222         0    0.3333
    0.9000    0.9000    0.8000    0.7500    1.0000    0.5000    0.1000         0         0
    0.9000    0.7000    0.7000    0.9000    0.7000    0.8000         0    0.2000    0.2222
    0.8889    0.7000    0.6000    0.8000    0.8000    0.8889         0         0    0.2000
    0.7000    1.0000    0.9000    1.0000    1.0000    0.9000         0    0.2222         0
    0.8000    1.0000    0.9000    0.8000    1.0000    1.0000         0    0.3000    0.2222
    0.6000    0.6000    0.8000    0.8889    0.8000    0.8000         0    0.3333    0.2000
    0.8889    0.9000    0.8000    0.9000    1.0000    1.0000    0.2000    0.2000    0.2000
    1.0000    1.0000    1.0000    0.9000    1.0000    0.8000    0.1000    0.1000    0.1000
    0.6000    0.9000    0.9000    0.7000    0.6667    0.7000    0.3000    0.3000    0.4000
    0.6000    0.7000    0.7778    0.6667    0.6000    0.7000         0    0.1000    0.1000
    0.7000    0.5000    0.7000    0.7000    0.7778    0.4444         0    0.1000    0.2000
    0.9000    0.9000    0.8889    0.6000    1.0000    0.9000    0.2000    0.3000    0.3000


reshaped_participant_data_matrix =

    0.7556    0.6198
    0.8185    0.6531
    0.7136    0.5840
    0.7478    0.5778
    0.8833    0.6617
    0.7235    0.5963
    0.7485    0.7099
    0.6926    0.6173
    0.7333    0.5500
    0.7383    0.5691
    0.7599    0.5420
    0.8185    0.6358
    0.7815    0.6691
    0.7198    0.5580
    0.7494    0.6765
    0.7988    0.6667
    0.7926    0.6074
    0.5630    0.4716
    0.7222    0.4580
    0.8000    0.6654


p_value_interaction =

   1.0000e-04


p_value_main_effect_model =

   1.0000e-04

l2_1_adversarial_coch_vs_l2_random_cochresnet50_cochleagram Full ANOVA
                                    SumSq     DF      MeanSq       F         pValue       pValueGG      pValueHF      pValueLB     partial_etaSquared
                                    ______    ___    ________    ______    __________    __________    __________    __________    __________________

    (Intercept)                     165.85      1      165.85    2613.1    8.1966e-22    8.1966e-22    8.1966e-22    8.1966e-22             NaN      
    Error                           1.2059     19    0.063471                                                                               NaN      
    (Intercept):layer               18.564      8      2.3205    124.17    1.1396e-62    1.3258e-38    2.3477e-52     8.961e-10         0.86729      
    Error(layer)                    2.8407    152    0.018689                                                                               NaN      
    (Intercept):model_type           1.986      1       1.986    145.07    2.4332e-10    2.4332e-10    2.4332e-10    2.4332e-10          0.8842      
    Error(model_type)               0.2601     19     0.01369                                                                               NaN      
    (Intercept):layer:model_type    4.3289      8     0.54111    42.956    2.6035e-35    6.3488e-22     2.796e-29    2.8251e-06         0.69333      
    Error(layer:model_type)         1.9147    152    0.012597                                                                               NaN      

F(model) main effect: 145.074
p_value main effect : 0.0001
F(model, stage) interaction: 42.9555
p_value interaction : 0.0001
