######### | Auditory Networks: Robust CochResNet50 Experiment, Cochleagram Adversaries - l2_random_vs_standard_cochresnet50_cochleagram | #########
NUM_PERMUTATIONS = 10000
MODELS_INCLUDED_IN_ANOVA: cochresnet50, cochresnet50_l2_1_random_step_cochleagram

model_idx =

     1     4


anova_comparison_data_matrix(:,:,1) =

    0.9000    0.7000    1.0000    0.6667    1.0000    0.8000    0.2500    0.2222    0.2000
    0.8000    1.0000    0.9000    1.0000    1.0000    0.7000    0.2000    0.5000    0.1111
    0.7778    0.6000    0.9000    0.7000    0.9000    1.0000    0.2000         0    0.2000
    0.8000    0.8000    0.8889    0.9000    1.0000    0.7778         0         0         0
    0.9000    0.9000    1.0000    1.0000    0.9000    0.9000    0.2000    0.6667    0.4000
    0.9000    1.0000    0.8000    0.6667    0.9000    0.9000    0.3000    0.3000    0.4444
    0.8889    0.9000    1.0000    0.9000    0.8000    1.0000    0.2000    0.1000    0.3000
    0.9000    0.9000    0.8000    1.0000    1.0000    0.9000         0    0.1000         0
    0.9000    0.9000    0.8000    0.7000    0.6000    0.7778         0         0    0.1111
    0.9000    1.0000    0.8889    0.7000    0.6000    0.7000         0    0.1000    0.2222
    0.8889    0.8000    0.7000    0.7000    1.0000    0.9000    0.1111    0.1000         0
    0.7000    0.8000    0.9000    0.9000    0.8000    1.0000    0.1111    0.1000         0
    0.8000    0.6667    1.0000    0.8889    0.8889    1.0000    0.2000    0.3000    0.3000
    0.6000    0.6667    0.8000    0.8000    0.8000    0.9000         0    0.1000    0.4444
    0.8889    1.0000    1.0000    1.0000    0.8000    1.0000         0    0.2000         0
    1.0000    0.9000    0.8889    0.8000    0.8000    0.9000    0.1000    0.1000    0.3000
    0.6000    0.8000    0.8000    0.9000    0.9000    0.7000    0.1000    0.3000    0.2222
    0.6000    0.2857    1.0000    0.6000    0.5000    0.8000    0.1000    0.3333         0
    0.7000    0.8000    0.7000    0.9000    0.9000    0.9000    0.2000    0.2000    0.1000
    0.9000    0.8000    0.6667    1.0000    0.9000    0.6000         0    0.1000         0


anova_comparison_data_matrix(:,:,2) =

    0.9000    0.8889    0.8000    0.7778    0.8000    0.7000    0.1111    0.3000    0.3000
    0.8000    0.9000    0.7000    0.8889    1.0000    0.8889    0.2000    0.2000    0.3000
    0.7778    0.9000    0.9000    0.7000    0.7778    0.7000         0    0.2000    0.3000
    0.8000    1.0000    0.8000    0.9000    0.8000    0.9000         0         0         0
    0.9000    0.9000    0.8000    0.9000    1.0000    0.8000    0.1000    0.3333    0.2222
    0.9000    0.9000    0.8000    0.6000    0.9000    0.6667    0.1000    0.1000    0.4000
    0.8889    1.0000    0.8000    1.0000    1.0000    1.0000    0.2000    0.2000    0.3000
    0.9000    1.0000    1.0000    0.7000    0.7000    0.7000    0.2222         0    0.3333
    0.9000    0.9000    0.8000    0.7500    1.0000    0.5000    0.1000         0         0
    0.9000    0.7000    0.7000    0.9000    0.7000    0.8000         0    0.2000    0.2222
    0.8889    0.7000    0.6000    0.8000    0.8000    0.8889         0         0    0.2000
    0.7000    1.0000    0.9000    1.0000    1.0000    0.9000         0    0.2222         0
    0.8000    1.0000    0.9000    0.8000    1.0000    1.0000         0    0.3000    0.2222
    0.6000    0.6000    0.8000    0.8889    0.8000    0.8000         0    0.3333    0.2000
    0.8889    0.9000    0.8000    0.9000    1.0000    1.0000    0.2000    0.2000    0.2000
    1.0000    1.0000    1.0000    0.9000    1.0000    0.8000    0.1000    0.1000    0.1000
    0.6000    0.9000    0.9000    0.7000    0.6667    0.7000    0.3000    0.3000    0.4000
    0.6000    0.7000    0.7778    0.6667    0.6000    0.7000         0    0.1000    0.1000
    0.7000    0.5000    0.7000    0.7000    0.7778    0.4444         0    0.1000    0.2000
    0.9000    0.9000    0.8889    0.6000    1.0000    0.9000    0.2000    0.3000    0.3000


reshaped_participant_data_matrix =

    0.6377    0.6198
    0.6901    0.6531
    0.5864    0.5840
    0.5741    0.5778
    0.7630    0.6617
    0.6901    0.5963
    0.6765    0.7099
    0.6222    0.6173
    0.5321    0.5500
    0.5679    0.5691
    0.5778    0.5420
    0.5901    0.6358
    0.6716    0.6691
    0.5679    0.5580
    0.6543    0.6765
    0.6432    0.6667
    0.5914    0.6074
    0.4688    0.4716
    0.6000    0.4580
    0.5519    0.6654


p_value_interaction =

    0.1745


p_value_main_effect_model =

    0.5258

l2_random_vs_standard_cochresnet50_cochleagram Full ANOVA
                                      SumSq      DF      MeanSq         F         pValue       pValueGG      pValueHF      pValueLB     partial_etaSquared
                                    _________    ___    _________    _______    __________    __________    __________    __________    __________________

    (Intercept)                        133.37      1       133.37     1992.7    1.0544e-20    1.0544e-20    1.0544e-20    1.0544e-20              NaN     
    Error                              1.2716     19     0.066929                                                                                 NaN     
    (Intercept):layer                  36.649      8       4.5812     265.67    2.9148e-85    1.4949e-48    1.9567e-64    1.2656e-12          0.93326     
    Error(layer)                       2.6211    152     0.017244                                                                                 NaN     
    (Intercept):model_type          0.0063163      1    0.0063163    0.45466       0.50825       0.50825       0.50825       0.50825          0.02337     
    Error(model_type)                 0.26396     19     0.013892                                                                                 NaN     
    (Intercept):layer:model_type      0.14067      8     0.017584     1.4691       0.17287        0.2066       0.18256       0.24034         0.071772     
    Error(layer:model_type)            1.8193    152     0.011969                                                                                 NaN     

F(model) main effect: 0.45466
p_value main effect : 0.5258
F(model, stage) interaction: 1.4691
p_value interaction : 0.1745
