######### | Auditory Networks: Robust CochResNet50 Experiment, Cochleagram Adversaries - l2_1_adversarial_coch_vs_standard_cochresnet50_cochleagram | #########
NUM_PERMUTATIONS = 10000
MODELS_INCLUDED_IN_ANOVA: cochresnet50, cochresnet50_l2_1_robust_cochleagram

model_idx =

     1     2


anova_comparison_data_matrix(:,:,1) =

  Columns 1 through 8

    0.9000    0.7000    1.0000    0.6667    1.0000    0.8000    0.2500    0.2222
    0.8000    1.0000    0.9000    1.0000    1.0000    0.7000    0.2000    0.5000
    0.7778    0.6000    0.9000    0.7000    0.9000    1.0000    0.2000         0
    0.8000    0.8000    0.8889    0.9000    1.0000    0.7778         0         0
    0.9000    0.9000    1.0000    1.0000    0.9000    0.9000    0.2000    0.6667
    0.9000    1.0000    0.8000    0.6667    0.9000    0.9000    0.3000    0.3000
    0.8889    0.9000    1.0000    0.9000    0.8000    1.0000    0.2000    0.1000
    0.9000    0.9000    0.8000    1.0000    1.0000    0.9000         0    0.1000
    0.9000    0.9000    0.8000    0.7000    0.6000    0.7778         0         0
    0.9000    1.0000    0.8889    0.7000    0.6000    0.7000         0    0.1000
    0.8889    0.8000    0.7000    0.7000    1.0000    0.9000    0.1111    0.1000
    0.7000    0.8000    0.9000    0.9000    0.8000    1.0000    0.1111    0.1000
    0.8000    0.6667    1.0000    0.8889    0.8889    1.0000    0.2000    0.3000
    0.6000    0.6667    0.8000    0.8000    0.8000    0.9000         0    0.1000
    0.8889    1.0000    1.0000    1.0000    0.8000    1.0000         0    0.2000
    1.0000    0.9000    0.8889    0.8000    0.8000    0.9000    0.1000    0.1000
    0.6000    0.8000    0.8000    0.9000    0.9000    0.7000    0.1000    0.3000
    0.6000    0.2857    1.0000    0.6000    0.5000    0.8000    0.1000    0.3333
    0.7000    0.8000    0.7000    0.9000    0.9000    0.9000    0.2000    0.2000
    0.9000    0.8000    0.6667    1.0000    0.9000    0.6000         0    0.1000

  Column 9

    0.2000
    0.1111
    0.2000
         0
    0.4000
    0.4444
    0.3000
         0
    0.1111
    0.2222
         0
         0
    0.3000
    0.4444
         0
    0.3000
    0.2222
         0
    0.1000
         0


anova_comparison_data_matrix(:,:,2) =

  Columns 1 through 8

    0.9000    0.5000    0.8000    0.9000    1.0000    0.8000    0.9000    0.4444
    0.8000    1.0000    1.0000    0.9000    0.9000    1.0000    0.8000    0.6667
    0.7778    0.9000    0.6667    0.9000    0.7778    0.7000    0.6000    0.6000
    0.8000    0.6667    0.9000    1.0000    0.8000    1.0000    0.8889    0.3000
    0.9000    1.0000    0.9000    0.7500    1.0000    1.0000    1.0000    0.6000
    0.9000    0.8000    0.9000    0.9000    0.8000    0.8889    1.0000    0.1000
    0.8889    1.0000    0.7000    0.8000    1.0000    0.6667    0.6250    0.5556
    0.9000    0.9000    0.8889    0.6000    0.6000    0.8000    0.8000    0.3000
    0.9000    0.7000    1.0000    0.9000    0.9000    1.0000    0.5000    0.5000
    0.9000    0.7000    0.8889    1.0000    0.7000    0.8000    0.8000    0.3000
    0.8889    1.0000    0.7500    0.9000    0.8000    0.8000    0.9000    0.4000
    0.7000    1.0000    0.9000    1.0000    0.8889    0.7000    0.8000    0.7778
    0.8000    0.9000    0.9000    0.7778    0.8000    1.0000    0.9000    0.4000
    0.6000    0.8000    0.7000    0.9000    0.7000    0.7000    0.7778    0.6000
    0.8889    0.6000    1.0000    1.0000    0.8889    1.0000    0.6667    0.6000
    1.0000    0.9000    0.8000    1.0000    1.0000    0.8889    1.0000    0.1000
    0.6000    1.0000    1.0000    0.9000    0.9000    0.7778    0.9000    0.5000
    0.6000    0.7000    0.7000    0.5000    0.7000    0.6667    0.5000    0.4000
    0.7000    0.8000    0.7000    1.0000    1.0000    0.9000    0.6000    0.5000
    0.9000    1.0000    0.9000    0.9000    0.9000    0.9000    0.9000    0.4000

  Column 9

    0.5556
    0.3000
    0.5000
    0.3750
    0.8000
    0.2222
    0.5000
    0.4444
    0.2000
    0.5556
    0.4000
    0.6000
    0.5556
    0.7000
    0.1000
    0.5000
    0.5556
    0.3000
    0.3000
    0.4000


reshaped_participant_data_matrix =

    0.6377    0.7556
    0.6901    0.8185
    0.5864    0.7136
    0.5741    0.7478
    0.7630    0.8833
    0.6901    0.7235
    0.6765    0.7485
    0.6222    0.6926
    0.5321    0.7333
    0.5679    0.7383
    0.5778    0.7599
    0.5901    0.8185
    0.6716    0.7815
    0.5679    0.7198
    0.6543    0.7494
    0.6432    0.7988
    0.5914    0.7926
    0.4688    0.5630
    0.6000    0.7222
    0.5519    0.8000


p_value_interaction =

   1.0000e-04


p_value_main_effect_model =

   1.0000e-04

l2_1_adversarial_coch_vs_standard_cochresnet50_cochleagram Full ANOVA
                                     SumSq     DF      MeanSq       F         pValue       pValueGG      pValueHF      pValueLB     partial_etaSquared
                                    _______    ___    ________    ______    __________    __________    __________    __________    __________________

    (Intercept)                      167.91      1      167.91    2668.1    6.7341e-22    6.7341e-22    6.7341e-22    6.7341e-22             NaN      
    Error                            1.1957     19    0.062932                                                                               NaN      
    (Intercept):layer                19.344      8      2.4181    122.86      2.28e-62    7.6917e-39    6.8377e-53    9.7838e-10         0.86606      
    Error(layer)                     2.9916    152    0.019682                                                                               NaN      
    (Intercept):model_type           1.7683      1      1.7683     127.4    7.2342e-10    7.2342e-10    7.2342e-10    7.2342e-10         0.87022      
    Error(model_type)               0.26371     19     0.01388                                                                               NaN      
    (Intercept):layer:model_type     4.3189      8     0.53986    34.724    1.0738e-30    6.8459e-18    3.4393e-23    1.1283e-05         0.64634      
    Error(layer:model_type)          2.3631    152    0.015547                                                                               NaN      

F(model) main effect: 127.4046
p_value main effect : 0.0001
F(model, stage) interaction: 34.7245
p_value interaction : 0.0001
