######### | Visual Networks: Self-Supervised Experiment - simclr_mocov2_byol_and_standard | #########
NUM_PERMUTATIONS = 10000
MODELS_INCLUDED_IN_ANOVA: resnet50, resnet50_simclr, resnet50_moco_v2, resnet50_byol

model_idx =

     1     2     3     4


anova_comparison_data_matrix(:,:,1) =

  Columns 1 through 7

    0.7857    1.0000    1.0000    1.0000    0.7857    0.3571    0.0714
    0.7500    0.6923    0.8462    0.9286    0.9286    0.1429         0
    1.0000    0.9286    1.0000    0.9286    0.7857    0.1429    0.0714
    0.8333    0.8571    0.7857    0.8571    0.7143    0.2143    0.0714
    0.9375    1.0000    0.9286    0.6923    0.7857    0.3571         0
    0.9286    0.9231    1.0000    0.9286    0.8571    0.2143    0.0769
    0.9375    0.9286    0.9286    0.9286    0.9286    0.2857    0.2143
    0.8235    0.9286    0.9286    0.9286    0.8571    0.2308    0.1538
    0.8667    0.9286    0.9286    0.8571    0.9286    0.1429    0.1429
    0.6667    0.8571    0.9286    0.7692    0.7857    0.2143    0.0714
    0.8000    0.9286    1.0000    0.9286    0.7857    0.2143    0.3077
    0.9474    0.9286    1.0000    1.0000    0.8571    0.1538    0.1429
    1.0000    0.8571    1.0000    1.0000    0.8571    0.1538    0.1538
    0.8824    0.8571    1.0000    1.0000    1.0000         0         0
    1.0000    1.0000    1.0000    1.0000    1.0000    0.3571    0.1429
    0.8333    0.8333    0.7857    0.9231    0.6429    0.2143         0
    0.9375    0.8571    1.0000    0.9286    0.7857    0.2143         0
    0.8000    0.8571    0.7857    0.5714    0.5714    0.1429    0.0714
    0.9412    1.0000    0.9286    0.9286    0.9231    0.3571         0
    0.8125    0.8571    0.6429    0.8571    0.7143         0    0.0714
    0.7059    0.8571    0.7692    1.0000    0.7692    0.0714         0

  Column 8

    0.1429
    0.0714
         0
    0.1538
    0.0714
    0.1429
    0.0714
    0.0714
    0.2308
    0.0714
    0.2308
    0.2857
    0.2308
    0.2308
    0.0714
    0.2143
    0.0714
    0.0714
    0.2308
         0
    0.0714


anova_comparison_data_matrix(:,:,2) =

  Columns 1 through 7

    0.7857    0.9286    0.7857    0.7500    0.8571    0.6429    0.2143
    0.7500    1.0000    1.0000    0.9231    0.6429    0.2857         0
    1.0000    0.9286    1.0000    1.0000    0.7857    0.6923    0.0769
    0.8333    0.7857    0.9286    0.9167    0.7143    0.1429    0.1429
    0.9375    0.8571    0.8462    1.0000    0.9231    0.5000    0.1429
    0.9286    0.9286    0.9286    0.9286    1.0000    0.5714    0.4286
    0.9375    1.0000    0.9231    0.8462    0.8571    0.4286    0.1429
    0.8235    1.0000    1.0000    0.8462    0.8571    0.6429    0.1429
    0.8667    0.9231    0.9231    0.9286    0.9286    0.2857    0.1538
    0.6667    1.0000    0.7692    0.8571    0.7143    0.5385    0.2308
    0.8000    0.7857    0.9286    0.9286    0.8571    0.4286    0.3077
    0.9474    0.9231    1.0000    0.7143    0.6429    0.3571    0.0769
    1.0000    0.9286    1.0000    0.8462    0.7143    0.5385    0.1429
    0.8824    1.0000    1.0000    0.7857    0.7143    0.5714    0.2143
    1.0000    0.9286    0.9286    0.9286    0.7692    0.5714    0.1429
    0.8333    0.7857    0.9286    0.6154    0.7143    0.2143    0.2143
    0.9375    0.9231    0.9286    0.6429    0.7143    0.5000    0.0769
    0.8000    0.8571    0.6154    0.6923    0.6429    0.3077    0.2143
    0.9412    0.9286    0.9231    1.0000    0.8333    0.5714    0.2143
    0.8125    0.8571    0.8462    0.8462    0.7143    0.2143    0.2308
    0.7059    0.8462    0.7857    0.6154    0.5714    0.1429    0.1429

  Column 8

    0.1429
    0.2857
    0.1429
    0.0714
    0.2143
    0.1429
    0.2857
         0
    0.1429
    0.1429
    0.2143
    0.0769
    0.2143
    0.1429
    0.4286
    0.0769
    0.1429
    0.1429
    0.3077
    0.1429
         0


anova_comparison_data_matrix(:,:,3) =

  Columns 1 through 7

    0.7857    0.9231    0.8571    1.0000    0.9231    0.7143    0.4286
    0.7500    0.9286    0.9286    0.8462    0.9286    0.5000    0.2143
    1.0000    1.0000    0.9231    1.0000    0.8571    0.7143    0.3077
    0.8333    0.9286    0.8333    0.9286    0.7143    0.4286    0.2857
    0.9375    1.0000    0.9286    1.0000    0.8571    0.5000    0.2857
    0.9286    1.0000    1.0000    1.0000    0.8571    0.6154    0.3571
    0.9375    1.0000    1.0000    1.0000    1.0000    0.5000    0.3571
    0.8235    1.0000    0.9286    0.9286    0.8571    0.6923    0.0769
    0.8667    1.0000    1.0000    1.0000    0.8571    0.7143    0.3571
    0.6667    0.9286    0.7857    0.8571    0.7143    0.6429    0.2308
    0.8000    1.0000    1.0000    0.7692    0.7857    0.7857    0.1429
    0.9474    1.0000    0.9286    0.7692    0.9286    0.6429    0.1429
    1.0000    1.0000    1.0000    0.9231    0.9231    0.7857    0.3571
    0.8824    1.0000    0.9231    0.9286    0.9286    0.3846    0.2143
    1.0000    1.0000    1.0000    1.0000    1.0000    0.7857    0.2143
    0.8333    0.9286    0.8571    0.8571    0.7857    0.3571    0.3571
    0.9375    0.9231    0.7692    0.9286    0.7857    0.5714    0.2143
    0.8000    0.6923    0.9231    0.7143    0.3846    0.2500    0.3571
    0.9412    1.0000    1.0000    0.9286    0.9231    0.7857    0.2143
    0.8125    0.9286    0.9286    0.7143    0.7857    0.4286    0.4286
    0.7059    0.9286    0.7857    0.8571    0.8571    0.5714    0.0714

  Column 8

    0.0714
         0
    0.2857
    0.1429
    0.2143
    0.0769
    0.2308
    0.1429
    0.2143
    0.2857
    0.0714
    0.0714
    0.0714
    0.0714
    0.2857
    0.2143
    0.3077
    0.1538
    0.2857
    0.2143
    0.0714


anova_comparison_data_matrix(:,:,4) =

  Columns 1 through 7

    0.7857    0.9286    1.0000    0.9286    0.8571    0.1429    0.1429
    0.7500    0.7857    1.0000    1.0000    0.6154         0    0.0714
    1.0000    1.0000    0.9286    0.9091    0.7857    0.5385    0.0833
    0.8333    0.9286    0.9231    0.7500    0.6154    0.2143    0.0769
    0.9375    0.9231    1.0000    0.9231    0.8462    0.1429    0.0714
    0.9286    1.0000    1.0000    1.0000    0.9231    0.2143    0.0714
    0.9375    0.8462    1.0000    1.0000    0.7857    0.3077    0.1429
    0.8235    0.8571    0.9286    1.0000    0.8571    0.1429    0.1667
    0.8667    0.9286    0.9286    1.0000    0.9231    0.2857    0.1538
    0.6667    0.9286    0.9286    0.9231    0.7857    0.2857         0
    0.8000    1.0000    0.9286    0.8571    0.7692    0.2143    0.1429
    0.9474    1.0000    1.0000    0.8462    1.0000    0.2857    0.0769
    1.0000    1.0000    0.8571    0.9286    0.9231    0.1429         0
    0.8824    1.0000    1.0000    1.0000    0.8462    0.2857    0.0769
    1.0000    1.0000    0.9286    1.0000    0.7857    0.2143    0.1429
    0.8333    0.9167    1.0000    0.9286    0.7143    0.2143    0.1429
    0.9375    0.7857    1.0000    1.0000    0.7857    0.1538         0
    0.8000    0.8571    0.9231    1.0000    0.5000    0.1538    0.2143
    0.9412    0.9286    0.8462    0.9286    0.8571    0.1538    0.0714
    0.8125    0.8462    0.8462    0.9286    0.8462    0.2308    0.0769
    0.7059    0.7143    0.8462    0.9231    0.9286         0    0.1538

  Column 8

    0.1429
    0.0769
         0
         0
         0
    0.0714
    0.0714
    0.1429
    0.0714
    0.0769
    0.0769
    0.1538
    0.1429
    0.2143
    0.0714
    0.0833
    0.1429
    0.1538
    0.1429
         0
    0.0714


reshaped_participant_data_matrix =

    0.6429    0.6384    0.7129    0.6161
    0.5450    0.6109    0.6370    0.5374
    0.6071    0.7033    0.7610    0.6556
    0.5609    0.5670    0.6369    0.5427
    0.5966    0.6776    0.7154    0.6055
    0.6339    0.7321    0.7294    0.6511
    0.6529    0.6776    0.7532    0.6364
    0.6153    0.6641    0.6812    0.6148
    0.6283    0.6440    0.7512    0.6447
    0.5456    0.6149    0.6390    0.5744
    0.6495    0.6563    0.6694    0.5986
    0.6644    0.5923    0.6789    0.6638
    0.6566    0.6731    0.7576    0.6243
    0.6213    0.6639    0.6666    0.6632
    0.6964    0.7122    0.7857    0.6429
    0.5559    0.5478    0.6488    0.6042
    0.5993    0.6083    0.6797    0.6007
    0.4839    0.5341    0.5344    0.5753
    0.6637    0.7149    0.7598    0.6087
    0.4944    0.5830    0.6551    0.5734
    0.5305    0.4763    0.6061    0.5429


p_value_interaction =

   1.0000e-04


p_value_main_effect_model =

   1.0000e-04

simclr_mocov2_byol_and_standard Full ANOVA
                                     SumSq     DF      MeanSq        F         pValue        pValueGG      pValueHF      pValueLB     partial_etaSquared
                                    _______    ___    _________    ______    ___________    __________    __________    __________    __________________

    (Intercept)                      269.27      1       269.27    3206.7     1.4789e-23    1.4789e-23    1.4789e-23    1.4789e-23             NaN      
    Error                            1.6794     20     0.083971                                                                                NaN      
    (Intercept):layer                72.933      7       10.419     915.4    1.5739e-113    1.5307e-68     4.217e-88    3.5528e-18         0.97862      
    Error(layer)                     1.5935    140     0.011382                                                                                NaN      
    (Intercept):model_type          0.77996      3      0.25999    35.025     3.2834e-13    6.8529e-12    3.2834e-13    8.6718e-06         0.63653      
    Error(model_type)               0.44537     60    0.0074229                                                                                NaN      
    (Intercept):layer:model_type     2.2388     21      0.10661    16.003     1.4873e-41     7.244e-18     4.511e-30    0.00070284          0.4445      
    Error(layer:model_type)          2.7979    420    0.0066617                                                                                NaN      

F(model) main effect: 35.0251
p_value main effect : 0.0001
F(model, stage) interaction: 16.0033
p_value interaction : 0.0001
