######### | Visual Networks: Robust AlexNet Experiment - linf_adversarial_vs_l2_adversarial | #########
NUM_PERMUTATIONS = 10000
MODELS_INCLUDED_IN_ANOVA: alexnet_linf_8_robust, alexnet_l2_3_robust

model_idx =

     4     2


anova_comparison_data_matrix(:,:,1) =

  Columns 1 through 7

    1.0000    0.8889    0.6000    0.4000    0.6667    0.6000    0.8000
    1.0000    0.9000    0.7000    0.7778    0.6000    0.5000    0.5000
    1.0000    0.9000    0.6000    0.8889    0.3000    0.6000    0.3000
    0.8182    1.0000    0.6000    0.5000    0.8889    0.5000    0.6000
    0.9091    0.9000    0.6000    0.6000    0.5556    0.8000    0.6000
    0.7857    0.7000    1.0000    0.7778    0.7000    0.2000    0.4000
    0.5455    0.5000    0.1000    0.3333    0.4000    0.2222    0.1000
    0.9091    0.7000    0.5000    0.3000    0.4000    0.3000    0.4000
    1.0000    0.9000    0.7500    0.5000    0.4000    0.4444    0.5000
    0.9167    0.9000    0.3333    0.5000    0.7000    0.5000    0.5000
    1.0000    1.0000    0.5000    0.8000    0.5556    0.2000    0.3000
    1.0000    0.8000    0.8889    1.0000    0.7778    0.6000    0.6000
    0.7500    0.9000    0.4444    0.6667    0.5000    0.3000    0.2000
    1.0000    1.0000    0.8000    0.6000    0.5000    0.5000    0.3333
    0.9167    0.5556    0.7000    0.3750    0.5556    0.5000    0.4000
    1.0000    1.0000    1.0000    0.6000    0.9000    0.3000    0.7000
    0.8182    0.8000    0.6000    0.5000    0.6000    0.6667    0.3000
    0.8000    0.9000    0.4444    0.5000    0.5000    0.4000    0.1111
    1.0000    1.0000    0.6000    0.4444    0.6000    0.4000    0.7000
    1.0000    1.0000    0.7500    0.3333    0.7000    0.8889    0.1000

  Columns 8 through 9

    0.4000    0.4000
    0.2222    0.3333
    0.6667    0.2222
    0.4000    0.3000
    0.3333    0.2000
    0.1111    0.2222
    0.3333    0.1000
    0.6000    0.5000
    0.4444    0.2000
    0.4000    0.5000
    0.1000    0.3333
    0.4000    0.4000
    0.4000    0.1111
    0.2000    0.2000
    0.5000    0.2222
    0.4000    0.3333
    0.6000    0.4000
    0.5000    0.2222
    0.3000    0.2000
    0.3333    0.3000


anova_comparison_data_matrix(:,:,2) =

  Columns 1 through 7

    1.0000    1.0000    1.0000    0.8000    1.0000    0.9000    0.9000
    1.0000    0.9000    0.8000    0.9000    0.8000    1.0000    0.7000
    1.0000    1.0000    0.8000    0.8000    1.0000    0.8889    0.5556
    0.8182    1.0000    0.9000    0.8000    1.0000    0.9000    0.5000
    0.9091    1.0000    1.0000    0.8000    0.8889    0.8000    0.9000
    0.7857    0.9000    0.9000    1.0000    0.8889    0.9000    0.8000
    0.5455    0.7000    0.7000    0.5556    0.8000    0.5000    0.4000
    0.9091    1.0000    0.8000    0.9000    0.7000    1.0000    0.5000
    1.0000    1.0000    0.9000    0.7778    0.8000    0.8000    0.4000
    0.9167    0.9000    0.8000    0.9000    0.8000    0.8889    0.6250
    1.0000    1.0000    0.9000    0.8000    1.0000    0.8000    0.4000
    1.0000    1.0000    0.9000    0.9000    1.0000    1.0000    0.4000
    0.7500    0.5000    1.0000    0.7778    0.9000    0.6000    0.5000
    1.0000    1.0000    1.0000    1.0000    0.9000    0.9000    0.8750
    0.9167    0.5556    0.8750    0.8000    0.8000    0.4000    0.5000
    1.0000    1.0000    1.0000    1.0000    0.8000    0.9000    0.6000
    0.8182    0.8750    1.0000    0.8000    0.8000    1.0000    0.6000
    0.8000    0.8889    0.6000    0.9000    0.6667    0.7000    0.7000
    1.0000    1.0000    0.9000    1.0000    0.9000    0.8000    0.8000
    1.0000    1.0000    0.9000    0.9000    0.8000    0.7778    0.9000

  Columns 8 through 9

    0.3333    0.7000
    0.4000    0.3000
    0.4444    0.5000
    0.5000    0.4444
    0.2000    0.3000
    0.7778    0.5556
    0.2000    0.2000
    0.6667    0.2222
    0.2000    0.2000
    0.8000    0.3000
    0.6000    0.3000
    0.6000    0.6667
    0.4000    0.8889
    0.5000    0.2000
    0.2000    0.2222
    0.5000    0.6000
    0.7000    0.4444
    0.4000    0.3000
    0.4444    0.5000
    0.7000    0.7000


reshaped_participant_data_matrix =

    0.6395    0.8481
    0.6148    0.7556
    0.6086    0.7765
    0.6230    0.7625
    0.6109    0.7553
    0.5441    0.8342
    0.2927    0.5112
    0.5121    0.7442
    0.5710    0.6753
    0.5833    0.7701
    0.5321    0.7556
    0.7185    0.8296
    0.4747    0.7019
    0.5704    0.8194
    0.5250    0.5855
    0.6926    0.8222
    0.5872    0.7820
    0.4864    0.6617
    0.5827    0.8160
    0.6006    0.8531


p_value_interaction =

   1.0000e-04


p_value_main_effect_model =

   1.0000e-04

linf_adversarial_vs_l2_adversarial Full ANOVA
                                     SumSq     DF      MeanSq       F         pValue       pValueGG      pValueHF      pValueLB     partial_etaSquared
                                    _______    ___    ________    ______    __________    __________    __________    __________    __________________

    (Intercept)                      157.18      1      157.18    1233.5     9.534e-19     9.534e-19     9.534e-19     9.534e-19             NaN      
    Error                            2.4212     19     0.12743                                                                               NaN      
    (Intercept):layer                11.708      8      1.4635    70.337    3.1464e-47    1.4895e-32    7.0354e-46    8.2543e-08         0.78732      
    Error(layer)                     3.1626    152    0.020806                                                                               NaN      
    (Intercept):model_type           3.0633      1      3.0633    196.29    1.8167e-11    1.8167e-11    1.8167e-11    1.8167e-11         0.91175      
    Error(model_type)               0.29651     19    0.015606                                                                               NaN      
    (Intercept):layer:model_type     1.1382      8     0.14228    6.9471    8.7655e-08     1.609e-05    5.8922e-07      0.016292         0.26774      
    Error(layer:model_type)           3.113    152     0.02048                                                                               NaN      

F(model) main effect: 196.2949
p_value main effect : 0.0001
F(model, stage) interaction: 6.9471
p_value interaction : 0.0001
