######### | Visual Networks: Robust AlexNet Experiment - linf_adversarial_vs_linf_random | #########
NUM_PERMUTATIONS = 10000
MODELS_INCLUDED_IN_ANOVA: alexnet_linf_8_robust, alexnet_random_linf8_perturb

model_idx =

     4     5


anova_comparison_data_matrix(:,:,1) =

  Columns 1 through 7

    1.0000    0.8889    0.6000    0.4000    0.6667    0.6000    0.8000
    1.0000    0.9000    0.7000    0.7778    0.6000    0.5000    0.5000
    1.0000    0.9000    0.6000    0.8889    0.3000    0.6000    0.3000
    0.8182    1.0000    0.6000    0.5000    0.8889    0.5000    0.6000
    0.9091    0.9000    0.6000    0.6000    0.5556    0.8000    0.6000
    0.7857    0.7000    1.0000    0.7778    0.7000    0.2000    0.4000
    0.5455    0.5000    0.1000    0.3333    0.4000    0.2222    0.1000
    0.9091    0.7000    0.5000    0.3000    0.4000    0.3000    0.4000
    1.0000    0.9000    0.7500    0.5000    0.4000    0.4444    0.5000
    0.9167    0.9000    0.3333    0.5000    0.7000    0.5000    0.5000
    1.0000    1.0000    0.5000    0.8000    0.5556    0.2000    0.3000
    1.0000    0.8000    0.8889    1.0000    0.7778    0.6000    0.6000
    0.7500    0.9000    0.4444    0.6667    0.5000    0.3000    0.2000
    1.0000    1.0000    0.8000    0.6000    0.5000    0.5000    0.3333
    0.9167    0.5556    0.7000    0.3750    0.5556    0.5000    0.4000
    1.0000    1.0000    1.0000    0.6000    0.9000    0.3000    0.7000
    0.8182    0.8000    0.6000    0.5000    0.6000    0.6667    0.3000
    0.8000    0.9000    0.4444    0.5000    0.5000    0.4000    0.1111
    1.0000    1.0000    0.6000    0.4444    0.6000    0.4000    0.7000
    1.0000    1.0000    0.7500    0.3333    0.7000    0.8889    0.1000

  Columns 8 through 9

    0.4000    0.4000
    0.2222    0.3333
    0.6667    0.2222
    0.4000    0.3000
    0.3333    0.2000
    0.1111    0.2222
    0.3333    0.1000
    0.6000    0.5000
    0.4444    0.2000
    0.4000    0.5000
    0.1000    0.3333
    0.4000    0.4000
    0.4000    0.1111
    0.2000    0.2000
    0.5000    0.2222
    0.4000    0.3333
    0.6000    0.4000
    0.5000    0.2222
    0.3000    0.2000
    0.3333    0.3000


anova_comparison_data_matrix(:,:,2) =

  Columns 1 through 7

    1.0000    1.0000    0.8000    0.6667    0.4000    0.2000    0.2000
    1.0000    1.0000    0.8000    0.3000    0.5000    0.2000         0
    1.0000    1.0000    0.8000    0.8000    0.2000    0.1000         0
    0.8182    1.0000    0.6000    0.6000    0.3000    0.2000    0.2000
    0.9091    0.8000    1.0000    0.6000    0.4000    0.1000         0
    0.7857    1.0000    0.8000    0.4000    0.5556    0.1111         0
    0.5455    0.7778    0.6000    0.4000    0.2000    0.2000    0.2222
    0.9091    1.0000    0.9000    0.5000    0.3333         0    0.1000
    1.0000    1.0000    0.8000    0.1250    0.2000    0.3000    0.2000
    0.9167    1.0000    0.8000    0.5000    0.4000    0.1250         0
    1.0000    1.0000    0.7778    0.3000    0.2000    0.3000         0
    1.0000    1.0000    1.0000    0.7000    0.4000    0.1111    0.1000
    0.7500    0.8889    0.7000    0.2222    0.3750    0.1000    0.1000
    1.0000    0.8889    0.9000    0.6667    0.3000         0         0
    0.9167    0.9000    0.9000    0.3000    0.5000         0         0
    1.0000    1.0000    0.7000    0.7000    0.7000    0.2000    0.2000
    0.8182    0.9000    1.0000    0.5000    0.2222    0.1000    0.1000
    0.8000    0.9000    0.3333    0.5000    0.3000    0.3000         0
    1.0000    1.0000    0.7000    0.2000    0.3333    0.1000    0.1000
    1.0000    0.9000    0.9000    0.6000    0.3333    0.1000         0

  Columns 8 through 9

    0.2222    0.3000
         0    0.1000
         0    0.1000
         0    0.1000
    0.3000         0
    0.1000         0
         0         0
    0.1111    0.2000
         0    0.2000
    0.1000    0.1000
         0    0.1000
    0.1111         0
         0         0
    0.1000    0.1000
    0.1000    0.1000
         0    0.1000
    0.2222         0
         0    0.3000
         0    0.1111
    0.1000    0.3333


reshaped_participant_data_matrix =

    0.6395    0.5321
    0.6148    0.4333
    0.6086    0.4444
    0.6230    0.4242
    0.6109    0.4566
    0.5441    0.4169
    0.2927    0.3273
    0.5121    0.4504
    0.5710    0.4250
    0.5833    0.4380
    0.5321    0.4086
    0.7185    0.4914
    0.4747    0.3485
    0.5704    0.4395
    0.5250    0.4130
    0.6926    0.5111
    0.5872    0.4292
    0.4864    0.3815
    0.5827    0.3938
    0.6006    0.4741


p_value_interaction =

   1.0000e-04


p_value_main_effect_model =

   1.0000e-04

linf_adversarial_vs_linf_random Full ANOVA
                                     SumSq     DF      MeanSq       F         pValue       pValueGG      pValueHF      pValueLB     partial_etaSquared
                                    _______    ___    ________    ______    __________    __________    __________    __________    __________________

    (Intercept)                      90.083      1      90.083    1127.6    2.2068e-18    2.2068e-18    2.2068e-18    2.2068e-18             NaN      
    Error                            1.5178     19    0.079887                                                                               NaN      
    (Intercept):layer                25.625      8      3.2032    145.51    3.1252e-67     1.276e-46    1.7184e-66    2.3722e-10         0.88451      
    Error(layer)                      3.346    152    0.022013                                                                               NaN      
    (Intercept):model_type           1.6787      1      1.6787    121.38    1.0813e-09    1.0813e-09    1.0813e-09    1.0813e-09         0.86465      
    Error(model_type)               0.26277     19     0.01383                                                                               NaN      
    (Intercept):layer:model_type     2.8205      8     0.35256    22.102    4.3283e-22    7.9042e-14    4.1789e-18    0.00015549         0.53773      
    Error(layer:model_type)          2.4247    152    0.015952                                                                               NaN      

F(model) main effect: 121.3817
p_value main effect : 0.0001
F(model, stage) interaction: 22.1017
p_value interaction : 0.0001
