######### | Visual Networks: Robust AlexNet Experiment - linf_adversarial_vs_standard_alexnet | #########
NUM_PERMUTATIONS = 10000
MODELS_INCLUDED_IN_ANOVA: alexnet, alexnet_linf_8_robust

model_idx =

     1     4


anova_comparison_data_matrix(:,:,1) =

  Columns 1 through 7

    1.0000    1.0000    0.9000    0.5556    0.4000    0.3000    0.1000
    1.0000    1.0000    0.7778    0.3000    0.2222    0.2000    0.1250
    1.0000    0.5556    0.9000    0.5000    0.2222    0.1000    0.1000
    0.8182    0.9000    0.6667    0.5000    0.1000    0.1000    0.1000
    0.9091    1.0000    0.8000    0.5000    0.2222    0.1000         0
    0.7857    0.9000    0.7000    0.8889    0.5000    0.2222    0.1111
    0.5455    0.8000    0.7778    0.1000    0.2000    0.1111    0.1000
    0.9091    0.8000    0.5556    0.2000    0.2222    0.3000    0.1000
    1.0000    0.9000    0.7778    0.2000    0.6000         0    0.2000
    0.9167    1.0000    0.7778    0.2222    0.3000    0.1000    0.2222
    1.0000    0.7778    0.3333    0.2500    0.2222    0.3000    0.1111
    1.0000    1.0000    0.7000    0.6000    0.3000    0.3333    0.1111
    0.7500    0.9000    0.6000    0.4000    0.2222    0.3000    0.1111
    1.0000    1.0000    0.8000    0.4444    0.4000    0.2000    0.1000
    0.9167    0.8000    0.8889    0.2222    0.1000    0.1000         0
    1.0000    1.0000    0.8000    0.7000    0.1000    0.3333         0
    0.8182    1.0000    0.8000    0.5556    0.7500    0.3000    0.1000
    0.8000    0.9000    0.7000    0.4000    0.3000    0.4000    0.1000
    1.0000    1.0000    0.7000    0.2000    0.2500    0.2000         0
    1.0000    1.0000    0.5556    0.3000    0.2000    0.4000    0.1111

  Columns 8 through 9

    0.1000    0.2222
    0.1000    0.1000
    0.2222    0.1250
    0.1000         0
         0         0
         0         0
    0.1000    0.1111
    0.2222         0
         0    0.2000
    0.1111    0.1000
         0    0.1000
    0.1000    0.1000
         0         0
    0.1000         0
    0.1000         0
         0         0
         0    0.1000
    0.1000         0
         0    0.1111
    0.1000         0


anova_comparison_data_matrix(:,:,2) =

  Columns 1 through 7

    1.0000    0.8889    0.6000    0.4000    0.6667    0.6000    0.8000
    1.0000    0.9000    0.7000    0.7778    0.6000    0.5000    0.5000
    1.0000    0.9000    0.6000    0.8889    0.3000    0.6000    0.3000
    0.8182    1.0000    0.6000    0.5000    0.8889    0.5000    0.6000
    0.9091    0.9000    0.6000    0.6000    0.5556    0.8000    0.6000
    0.7857    0.7000    1.0000    0.7778    0.7000    0.2000    0.4000
    0.5455    0.5000    0.1000    0.3333    0.4000    0.2222    0.1000
    0.9091    0.7000    0.5000    0.3000    0.4000    0.3000    0.4000
    1.0000    0.9000    0.7500    0.5000    0.4000    0.4444    0.5000
    0.9167    0.9000    0.3333    0.5000    0.7000    0.5000    0.5000
    1.0000    1.0000    0.5000    0.8000    0.5556    0.2000    0.3000
    1.0000    0.8000    0.8889    1.0000    0.7778    0.6000    0.6000
    0.7500    0.9000    0.4444    0.6667    0.5000    0.3000    0.2000
    1.0000    1.0000    0.8000    0.6000    0.5000    0.5000    0.3333
    0.9167    0.5556    0.7000    0.3750    0.5556    0.5000    0.4000
    1.0000    1.0000    1.0000    0.6000    0.9000    0.3000    0.7000
    0.8182    0.8000    0.6000    0.5000    0.6000    0.6667    0.3000
    0.8000    0.9000    0.4444    0.5000    0.5000    0.4000    0.1111
    1.0000    1.0000    0.6000    0.4444    0.6000    0.4000    0.7000
    1.0000    1.0000    0.7500    0.3333    0.7000    0.8889    0.1000

  Columns 8 through 9

    0.4000    0.4000
    0.2222    0.3333
    0.6667    0.2222
    0.4000    0.3000
    0.3333    0.2000
    0.1111    0.2222
    0.3333    0.1000
    0.6000    0.5000
    0.4444    0.2000
    0.4000    0.5000
    0.1000    0.3333
    0.4000    0.4000
    0.4000    0.1111
    0.2000    0.2000
    0.5000    0.2222
    0.4000    0.3333
    0.6000    0.4000
    0.5000    0.2222
    0.3000    0.2000
    0.3333    0.3000


reshaped_participant_data_matrix =

    0.5086    0.6395
    0.4250    0.6148
    0.4139    0.6086
    0.3650    0.6230
    0.3924    0.6109
    0.4564    0.5441
    0.3162    0.2927
    0.3677    0.5121
    0.4309    0.5710
    0.4167    0.5833
    0.3438    0.5321
    0.4716    0.7185
    0.3648    0.4747
    0.4494    0.5704
    0.3475    0.5250
    0.4370    0.6926
    0.4915    0.5872
    0.4111    0.4864
    0.3846    0.5827
    0.4074    0.6006


p_value_interaction =

   1.0000e-04


p_value_main_effect_model =

   1.0000e-04

linf_adversarial_vs_standard_alexnet Full ANOVA
                                     SumSq     DF      MeanSq       F         pValue       pValueGG      pValueHF      pValueLB     partial_etaSquared
                                    _______    ___    ________    ______    __________    __________    __________    __________    __________________

    (Intercept)                      86.188      1      86.188      1170    1.5636e-18    1.5636e-18    1.5636e-18    1.5636e-18             NaN      
    Error                            1.3997     19    0.073668                                                                               NaN      
    (Intercept):layer                24.501      8      3.0626    143.08    9.6428e-67    2.2334e-40    1.7912e-54    2.7353e-10         0.88277      
    Error(layer)                     3.2536    152    0.021405                                                                               NaN      
    (Intercept):model_type           2.2593      1      2.2593    104.61    3.6576e-09    3.6576e-09    3.6576e-09    3.6576e-09         0.84629      
    Error(model_type)               0.41037     19    0.021598                                                                               NaN      
    (Intercept):layer:model_type     2.1858      8     0.27323    15.832    7.6861e-17    2.3716e-11    4.5737e-15    0.00080384         0.45453      
    Error(layer:model_type)          2.6231    152    0.017257                                                                               NaN      

F(model) main effect: 104.6059
p_value main effect : 0.0001
F(model, stage) interaction: 15.8324
p_value interaction : 0.0001
