######### | Visual Networks: Robust AlexNet Experiment - l2_adversarial_vs_l2_random_alexnet | #########
NUM_PERMUTATIONS = 10000
MODELS_INCLUDED_IN_ANOVA: alexnet_l2_3_robust, alexnet_random_l2_3_perturb

model_idx =

     2     3


anova_comparison_data_matrix(:,:,1) =

  Columns 1 through 7

    1.0000    1.0000    1.0000    0.8000    1.0000    0.9000    0.9000
    1.0000    0.9000    0.8000    0.9000    0.8000    1.0000    0.7000
    1.0000    1.0000    0.8000    0.8000    1.0000    0.8889    0.5556
    0.8182    1.0000    0.9000    0.8000    1.0000    0.9000    0.5000
    0.9091    1.0000    1.0000    0.8000    0.8889    0.8000    0.9000
    0.7857    0.9000    0.9000    1.0000    0.8889    0.9000    0.8000
    0.5455    0.7000    0.7000    0.5556    0.8000    0.5000    0.4000
    0.9091    1.0000    0.8000    0.9000    0.7000    1.0000    0.5000
    1.0000    1.0000    0.9000    0.7778    0.8000    0.8000    0.4000
    0.9167    0.9000    0.8000    0.9000    0.8000    0.8889    0.6250
    1.0000    1.0000    0.9000    0.8000    1.0000    0.8000    0.4000
    1.0000    1.0000    0.9000    0.9000    1.0000    1.0000    0.4000
    0.7500    0.5000    1.0000    0.7778    0.9000    0.6000    0.5000
    1.0000    1.0000    1.0000    1.0000    0.9000    0.9000    0.8750
    0.9167    0.5556    0.8750    0.8000    0.8000    0.4000    0.5000
    1.0000    1.0000    1.0000    1.0000    0.8000    0.9000    0.6000
    0.8182    0.8750    1.0000    0.8000    0.8000    1.0000    0.6000
    0.8000    0.8889    0.6000    0.9000    0.6667    0.7000    0.7000
    1.0000    1.0000    0.9000    1.0000    0.9000    0.8000    0.8000
    1.0000    1.0000    0.9000    0.9000    0.8000    0.7778    0.9000

  Columns 8 through 9

    0.3333    0.7000
    0.4000    0.3000
    0.4444    0.5000
    0.5000    0.4444
    0.2000    0.3000
    0.7778    0.5556
    0.2000    0.2000
    0.6667    0.2222
    0.2000    0.2000
    0.8000    0.3000
    0.6000    0.3000
    0.6000    0.6667
    0.4000    0.8889
    0.5000    0.2000
    0.2000    0.2222
    0.5000    0.6000
    0.7000    0.4444
    0.4000    0.3000
    0.4444    0.5000
    0.7000    0.7000


anova_comparison_data_matrix(:,:,2) =

  Columns 1 through 7

    1.0000    0.9000    0.9000    0.7000    0.5556    0.4000    0.2000
    1.0000    1.0000    0.9000    0.3000    0.3750    0.5000         0
    1.0000    1.0000    0.9000    0.6000    0.2000    0.4000    0.1000
    0.8182    1.0000    0.7000    0.3000    0.2857         0         0
    0.9091    1.0000    0.8000    0.3333    0.2000    0.1111    0.2000
    0.7857    0.9000    0.9000    0.6667    0.7000    0.2000         0
    0.5455    0.8000    0.5000    0.2000         0         0         0
    0.9091    1.0000    0.6000    0.4000    0.3000    0.1000         0
    1.0000    0.9000    0.7000    0.4000    0.1111    0.3000    0.1000
    0.9167    1.0000    0.8000    0.6000    0.3000         0         0
    1.0000    0.9000    0.9000    0.2000    0.3000    0.1111    0.1111
    1.0000    1.0000    1.0000    0.5000    0.6000    0.2000    0.1000
    0.7500    0.6000    0.5000    0.6000    0.4444         0    0.1000
    1.0000    0.6667    0.7778    0.3000    0.4000    0.3000         0
    0.9167    0.8000    0.7778    0.4000    0.2000    0.1000    0.1000
    1.0000    0.9000    1.0000    0.7000    0.4000    0.1000    0.2000
    0.8182    0.8000    0.8000    0.2000    0.4000    0.2000    0.2000
    0.8000    0.7778    0.7778    0.4444    0.2000    0.1000    0.2000
    1.0000    1.0000    0.9000    0.3333    0.2000    0.3000    0.2000
    1.0000    1.0000    0.9000    0.2000    0.2000    0.1000    0.2000

  Columns 8 through 9

         0    0.2000
         0    0.2000
    0.1111    0.1000
         0         0
         0    0.3000
         0    0.2000
    0.1000    0.1000
    0.1000    0.1000
         0    0.1000
         0    0.2000
         0         0
         0    0.2000
         0         0
         0    0.1000
         0         0
    0.2222    0.2000
         0         0
    0.1111         0
         0         0
         0    0.1000


reshaped_participant_data_matrix =

    0.8481    0.5395
    0.7556    0.4750
    0.7765    0.4901
    0.7625    0.3449
    0.7553    0.4282
    0.8342    0.4836
    0.5112    0.2495
    0.7442    0.3899
    0.6753    0.4012
    0.7701    0.4241
    0.7556    0.3914
    0.8296    0.5111
    0.7019    0.3327
    0.8194    0.3938
    0.5855    0.3660
    0.8222    0.5247
    0.7820    0.3798
    0.6617    0.3790
    0.8160    0.4370
    0.8531    0.4111


p_value_interaction =

   1.0000e-04


p_value_main_effect_model =

   1.0000e-04

l2_adversarial_vs_l2_random_alexnet Full ANOVA
                                     SumSq     DF      MeanSq       F         pValue       pValueGG      pValueHF      pValueLB     partial_etaSquared
                                    _______    ___    ________    ______    __________    __________    __________    __________    __________________

    (Intercept)                      123.34      1      123.34    1222.7    1.0352e-18    1.0352e-18    1.0352e-18    1.0352e-18             NaN      
    Error                            1.9166     19     0.10088                                                                               NaN      
    (Intercept):layer                21.684      8      2.7105    156.28    2.5791e-69    3.2848e-46    7.7035e-65    1.2939e-10          0.8916      
    Error(layer)                     2.6362    152    0.017344                                                                               NaN      
    (Intercept):model_type           10.123      1      10.123    622.97    5.4896e-16    5.4896e-16    5.4896e-16    5.4896e-16          0.9704      
    Error(model_type)               0.30874     19    0.016249                                                                               NaN      
    (Intercept):layer:model_type     4.7985      8     0.59981    44.863    2.7015e-36    2.8243e-23    1.5945e-31    2.1059e-06         0.70249      
    Error(layer:model_type)          2.0322    152     0.01337                                                                               NaN      

F(model) main effect: 622.9658
p_value main effect : 0.0001
F(model, stage) interaction: 44.8628
p_value interaction : 0.0001
