######### | Visual Networks: Robust AlexNet Experiment - l2_random_vs_standard_alexnet | #########
NUM_PERMUTATIONS = 10000
MODELS_INCLUDED_IN_ANOVA: alexnet, alexnet_random_l2_3_perturb

model_idx =

     1     3


anova_comparison_data_matrix(:,:,1) =

  Columns 1 through 7

    1.0000    1.0000    0.9000    0.5556    0.4000    0.3000    0.1000
    1.0000    1.0000    0.7778    0.3000    0.2222    0.2000    0.1250
    1.0000    0.5556    0.9000    0.5000    0.2222    0.1000    0.1000
    0.8182    0.9000    0.6667    0.5000    0.1000    0.1000    0.1000
    0.9091    1.0000    0.8000    0.5000    0.2222    0.1000         0
    0.7857    0.9000    0.7000    0.8889    0.5000    0.2222    0.1111
    0.5455    0.8000    0.7778    0.1000    0.2000    0.1111    0.1000
    0.9091    0.8000    0.5556    0.2000    0.2222    0.3000    0.1000
    1.0000    0.9000    0.7778    0.2000    0.6000         0    0.2000
    0.9167    1.0000    0.7778    0.2222    0.3000    0.1000    0.2222
    1.0000    0.7778    0.3333    0.2500    0.2222    0.3000    0.1111
    1.0000    1.0000    0.7000    0.6000    0.3000    0.3333    0.1111
    0.7500    0.9000    0.6000    0.4000    0.2222    0.3000    0.1111
    1.0000    1.0000    0.8000    0.4444    0.4000    0.2000    0.1000
    0.9167    0.8000    0.8889    0.2222    0.1000    0.1000         0
    1.0000    1.0000    0.8000    0.7000    0.1000    0.3333         0
    0.8182    1.0000    0.8000    0.5556    0.7500    0.3000    0.1000
    0.8000    0.9000    0.7000    0.4000    0.3000    0.4000    0.1000
    1.0000    1.0000    0.7000    0.2000    0.2500    0.2000         0
    1.0000    1.0000    0.5556    0.3000    0.2000    0.4000    0.1111

  Columns 8 through 9

    0.1000    0.2222
    0.1000    0.1000
    0.2222    0.1250
    0.1000         0
         0         0
         0         0
    0.1000    0.1111
    0.2222         0
         0    0.2000
    0.1111    0.1000
         0    0.1000
    0.1000    0.1000
         0         0
    0.1000         0
    0.1000         0
         0         0
         0    0.1000
    0.1000         0
         0    0.1111
    0.1000         0


anova_comparison_data_matrix(:,:,2) =

  Columns 1 through 7

    1.0000    0.9000    0.9000    0.7000    0.5556    0.4000    0.2000
    1.0000    1.0000    0.9000    0.3000    0.3750    0.5000         0
    1.0000    1.0000    0.9000    0.6000    0.2000    0.4000    0.1000
    0.8182    1.0000    0.7000    0.3000    0.2857         0         0
    0.9091    1.0000    0.8000    0.3333    0.2000    0.1111    0.2000
    0.7857    0.9000    0.9000    0.6667    0.7000    0.2000         0
    0.5455    0.8000    0.5000    0.2000         0         0         0
    0.9091    1.0000    0.6000    0.4000    0.3000    0.1000         0
    1.0000    0.9000    0.7000    0.4000    0.1111    0.3000    0.1000
    0.9167    1.0000    0.8000    0.6000    0.3000         0         0
    1.0000    0.9000    0.9000    0.2000    0.3000    0.1111    0.1111
    1.0000    1.0000    1.0000    0.5000    0.6000    0.2000    0.1000
    0.7500    0.6000    0.5000    0.6000    0.4444         0    0.1000
    1.0000    0.6667    0.7778    0.3000    0.4000    0.3000         0
    0.9167    0.8000    0.7778    0.4000    0.2000    0.1000    0.1000
    1.0000    0.9000    1.0000    0.7000    0.4000    0.1000    0.2000
    0.8182    0.8000    0.8000    0.2000    0.4000    0.2000    0.2000
    0.8000    0.7778    0.7778    0.4444    0.2000    0.1000    0.2000
    1.0000    1.0000    0.9000    0.3333    0.2000    0.3000    0.2000
    1.0000    1.0000    0.9000    0.2000    0.2000    0.1000    0.2000

  Columns 8 through 9

         0    0.2000
         0    0.2000
    0.1111    0.1000
         0         0
         0    0.3000
         0    0.2000
    0.1000    0.1000
    0.1000    0.1000
         0    0.1000
         0    0.2000
         0         0
         0    0.2000
         0         0
         0    0.1000
         0         0
    0.2222    0.2000
         0         0
    0.1111         0
         0         0
         0    0.1000


reshaped_participant_data_matrix =

    0.5086    0.5395
    0.4250    0.4750
    0.4139    0.4901
    0.3650    0.3449
    0.3924    0.4282
    0.4564    0.4836
    0.3162    0.2495
    0.3677    0.3899
    0.4309    0.4012
    0.4167    0.4241
    0.3438    0.3914
    0.4716    0.5111
    0.3648    0.3327
    0.4494    0.3938
    0.3475    0.3660
    0.4370    0.5247
    0.4915    0.3798
    0.4111    0.3790
    0.3846    0.4370
    0.4074    0.4111


p_value_interaction =

    0.2654


p_value_main_effect_model =

    0.5023

l2_random_vs_standard_alexnet Full ANOVA
                                      SumSq      DF      MeanSq         F         pValue       pValueGG      pValueHF      pValueLB     partial_etaSquared
                                    _________    ___    _________    _______    __________    __________    __________    __________    __________________

    (Intercept)                        61.659      1       61.659     1066.2    3.7252e-18    3.7252e-18    3.7252e-18    3.7252e-18              NaN     
    Error                              1.0988     19     0.057831                                                                                 NaN     
    (Intercept):layer                  40.205      8       5.0256     306.45    1.1408e-89    1.0196e-48    1.0486e-63    3.5334e-13          0.94162     
    Error(layer)                       2.4927    152     0.016399                                                                                 NaN     
    (Intercept):model_type          0.0051432      1    0.0051432    0.44628       0.51214       0.51214       0.51214       0.51214         0.022949     
    Error(model_type)                 0.21897     19     0.011525                                                                                 NaN     
    (Intercept):layer:model_type      0.11824      8      0.01478     1.2644       0.26616        0.2878       0.27702       0.27483         0.062394     
    Error(layer:model_type)            1.7768    152      0.01169                                                                                 NaN     

F(model) main effect: 0.44628
p_value main effect : 0.5023
F(model, stage) interaction: 1.2644
p_value interaction : 0.2654
