######### | Visual Networks: Robust AlexNet Experiment - linf_random_vs_standard_alexnet | #########
NUM_PERMUTATIONS = 10000
MODELS_INCLUDED_IN_ANOVA: alexnet, alexnet_random_linf8_perturb

model_idx =

     1     5


anova_comparison_data_matrix(:,:,1) =

  Columns 1 through 7

    1.0000    1.0000    0.9000    0.5556    0.4000    0.3000    0.1000
    1.0000    1.0000    0.7778    0.3000    0.2222    0.2000    0.1250
    1.0000    0.5556    0.9000    0.5000    0.2222    0.1000    0.1000
    0.8182    0.9000    0.6667    0.5000    0.1000    0.1000    0.1000
    0.9091    1.0000    0.8000    0.5000    0.2222    0.1000         0
    0.7857    0.9000    0.7000    0.8889    0.5000    0.2222    0.1111
    0.5455    0.8000    0.7778    0.1000    0.2000    0.1111    0.1000
    0.9091    0.8000    0.5556    0.2000    0.2222    0.3000    0.1000
    1.0000    0.9000    0.7778    0.2000    0.6000         0    0.2000
    0.9167    1.0000    0.7778    0.2222    0.3000    0.1000    0.2222
    1.0000    0.7778    0.3333    0.2500    0.2222    0.3000    0.1111
    1.0000    1.0000    0.7000    0.6000    0.3000    0.3333    0.1111
    0.7500    0.9000    0.6000    0.4000    0.2222    0.3000    0.1111
    1.0000    1.0000    0.8000    0.4444    0.4000    0.2000    0.1000
    0.9167    0.8000    0.8889    0.2222    0.1000    0.1000         0
    1.0000    1.0000    0.8000    0.7000    0.1000    0.3333         0
    0.8182    1.0000    0.8000    0.5556    0.7500    0.3000    0.1000
    0.8000    0.9000    0.7000    0.4000    0.3000    0.4000    0.1000
    1.0000    1.0000    0.7000    0.2000    0.2500    0.2000         0
    1.0000    1.0000    0.5556    0.3000    0.2000    0.4000    0.1111

  Columns 8 through 9

    0.1000    0.2222
    0.1000    0.1000
    0.2222    0.1250
    0.1000         0
         0         0
         0         0
    0.1000    0.1111
    0.2222         0
         0    0.2000
    0.1111    0.1000
         0    0.1000
    0.1000    0.1000
         0         0
    0.1000         0
    0.1000         0
         0         0
         0    0.1000
    0.1000         0
         0    0.1111
    0.1000         0


anova_comparison_data_matrix(:,:,2) =

  Columns 1 through 7

    1.0000    1.0000    0.8000    0.6667    0.4000    0.2000    0.2000
    1.0000    1.0000    0.8000    0.3000    0.5000    0.2000         0
    1.0000    1.0000    0.8000    0.8000    0.2000    0.1000         0
    0.8182    1.0000    0.6000    0.6000    0.3000    0.2000    0.2000
    0.9091    0.8000    1.0000    0.6000    0.4000    0.1000         0
    0.7857    1.0000    0.8000    0.4000    0.5556    0.1111         0
    0.5455    0.7778    0.6000    0.4000    0.2000    0.2000    0.2222
    0.9091    1.0000    0.9000    0.5000    0.3333         0    0.1000
    1.0000    1.0000    0.8000    0.1250    0.2000    0.3000    0.2000
    0.9167    1.0000    0.8000    0.5000    0.4000    0.1250         0
    1.0000    1.0000    0.7778    0.3000    0.2000    0.3000         0
    1.0000    1.0000    1.0000    0.7000    0.4000    0.1111    0.1000
    0.7500    0.8889    0.7000    0.2222    0.3750    0.1000    0.1000
    1.0000    0.8889    0.9000    0.6667    0.3000         0         0
    0.9167    0.9000    0.9000    0.3000    0.5000         0         0
    1.0000    1.0000    0.7000    0.7000    0.7000    0.2000    0.2000
    0.8182    0.9000    1.0000    0.5000    0.2222    0.1000    0.1000
    0.8000    0.9000    0.3333    0.5000    0.3000    0.3000         0
    1.0000    1.0000    0.7000    0.2000    0.3333    0.1000    0.1000
    1.0000    0.9000    0.9000    0.6000    0.3333    0.1000         0

  Columns 8 through 9

    0.2222    0.3000
         0    0.1000
         0    0.1000
         0    0.1000
    0.3000         0
    0.1000         0
         0         0
    0.1111    0.2000
         0    0.2000
    0.1000    0.1000
         0    0.1000
    0.1111         0
         0         0
    0.1000    0.1000
    0.1000    0.1000
         0    0.1000
    0.2222         0
         0    0.3000
         0    0.1111
    0.1000    0.3333


reshaped_participant_data_matrix =

    0.5086    0.5321
    0.4250    0.4333
    0.4139    0.4444
    0.3650    0.4242
    0.3924    0.4566
    0.4564    0.4169
    0.3162    0.3273
    0.3677    0.4504
    0.4309    0.4250
    0.4167    0.4380
    0.3438    0.4086
    0.4716    0.4914
    0.3648    0.3485
    0.4494    0.4395
    0.3475    0.4130
    0.4370    0.5111
    0.4915    0.4292
    0.4111    0.3815
    0.3846    0.3938
    0.4074    0.4741


p_value_interaction =

    0.0489


p_value_main_effect_model =

    0.0301

linf_random_vs_standard_alexnet Full ANOVA
                                     SumSq      DF      MeanSq        F         pValue       pValueGG      pValueHF      pValueLB     partial_etaSquared
                                    ________    ___    _________    ______    __________    __________    __________    __________    __________________

    (Intercept)                       63.809      1       63.809    1707.7    4.5052e-20    4.5052e-20    4.5052e-20    4.5052e-20              NaN     
    Error                            0.70996     19     0.037367                                                                                NaN     
    (Intercept):layer                 40.869      8       5.1086    307.95    8.0555e-90    1.1801e-45    1.8335e-58    3.3823e-13          0.94189     
    Error(layer)                      2.5216    152     0.016589                                                                                NaN     
    (Intercept):model_type          0.043036      1     0.043036    5.5642      0.029192      0.029192      0.029192      0.029192          0.22652     
    Error(model_type)                0.14695     19    0.0077344                                                                                NaN     
    (Intercept):layer:model_type     0.20286      8     0.025358    2.0226      0.047268      0.085298      0.060529       0.17118         0.096211     
    Error(layer:model_type)           1.9057    152     0.012537                                                                                NaN     

F(model) main effect: 5.5642
p_value main effect : 0.0301
F(model, stage) interaction: 2.0226
p_value interaction : 0.0489
