######### | Visual Networks: Robust AlexNet Experiment - l2_adversarial_vs_standard_alexnet | #########
NUM_PERMUTATIONS = 10000
MODELS_INCLUDED_IN_ANOVA: alexnet, alexnet_l2_3_robust

model_idx =

     1     2


anova_comparison_data_matrix(:,:,1) =

  Columns 1 through 7

    1.0000    1.0000    0.9000    0.5556    0.4000    0.3000    0.1000
    1.0000    1.0000    0.7778    0.3000    0.2222    0.2000    0.1250
    1.0000    0.5556    0.9000    0.5000    0.2222    0.1000    0.1000
    0.8182    0.9000    0.6667    0.5000    0.1000    0.1000    0.1000
    0.9091    1.0000    0.8000    0.5000    0.2222    0.1000         0
    0.7857    0.9000    0.7000    0.8889    0.5000    0.2222    0.1111
    0.5455    0.8000    0.7778    0.1000    0.2000    0.1111    0.1000
    0.9091    0.8000    0.5556    0.2000    0.2222    0.3000    0.1000
    1.0000    0.9000    0.7778    0.2000    0.6000         0    0.2000
    0.9167    1.0000    0.7778    0.2222    0.3000    0.1000    0.2222
    1.0000    0.7778    0.3333    0.2500    0.2222    0.3000    0.1111
    1.0000    1.0000    0.7000    0.6000    0.3000    0.3333    0.1111
    0.7500    0.9000    0.6000    0.4000    0.2222    0.3000    0.1111
    1.0000    1.0000    0.8000    0.4444    0.4000    0.2000    0.1000
    0.9167    0.8000    0.8889    0.2222    0.1000    0.1000         0
    1.0000    1.0000    0.8000    0.7000    0.1000    0.3333         0
    0.8182    1.0000    0.8000    0.5556    0.7500    0.3000    0.1000
    0.8000    0.9000    0.7000    0.4000    0.3000    0.4000    0.1000
    1.0000    1.0000    0.7000    0.2000    0.2500    0.2000         0
    1.0000    1.0000    0.5556    0.3000    0.2000    0.4000    0.1111

  Columns 8 through 9

    0.1000    0.2222
    0.1000    0.1000
    0.2222    0.1250
    0.1000         0
         0         0
         0         0
    0.1000    0.1111
    0.2222         0
         0    0.2000
    0.1111    0.1000
         0    0.1000
    0.1000    0.1000
         0         0
    0.1000         0
    0.1000         0
         0         0
         0    0.1000
    0.1000         0
         0    0.1111
    0.1000         0


anova_comparison_data_matrix(:,:,2) =

  Columns 1 through 7

    1.0000    1.0000    1.0000    0.8000    1.0000    0.9000    0.9000
    1.0000    0.9000    0.8000    0.9000    0.8000    1.0000    0.7000
    1.0000    1.0000    0.8000    0.8000    1.0000    0.8889    0.5556
    0.8182    1.0000    0.9000    0.8000    1.0000    0.9000    0.5000
    0.9091    1.0000    1.0000    0.8000    0.8889    0.8000    0.9000
    0.7857    0.9000    0.9000    1.0000    0.8889    0.9000    0.8000
    0.5455    0.7000    0.7000    0.5556    0.8000    0.5000    0.4000
    0.9091    1.0000    0.8000    0.9000    0.7000    1.0000    0.5000
    1.0000    1.0000    0.9000    0.7778    0.8000    0.8000    0.4000
    0.9167    0.9000    0.8000    0.9000    0.8000    0.8889    0.6250
    1.0000    1.0000    0.9000    0.8000    1.0000    0.8000    0.4000
    1.0000    1.0000    0.9000    0.9000    1.0000    1.0000    0.4000
    0.7500    0.5000    1.0000    0.7778    0.9000    0.6000    0.5000
    1.0000    1.0000    1.0000    1.0000    0.9000    0.9000    0.8750
    0.9167    0.5556    0.8750    0.8000    0.8000    0.4000    0.5000
    1.0000    1.0000    1.0000    1.0000    0.8000    0.9000    0.6000
    0.8182    0.8750    1.0000    0.8000    0.8000    1.0000    0.6000
    0.8000    0.8889    0.6000    0.9000    0.6667    0.7000    0.7000
    1.0000    1.0000    0.9000    1.0000    0.9000    0.8000    0.8000
    1.0000    1.0000    0.9000    0.9000    0.8000    0.7778    0.9000

  Columns 8 through 9

    0.3333    0.7000
    0.4000    0.3000
    0.4444    0.5000
    0.5000    0.4444
    0.2000    0.3000
    0.7778    0.5556
    0.2000    0.2000
    0.6667    0.2222
    0.2000    0.2000
    0.8000    0.3000
    0.6000    0.3000
    0.6000    0.6667
    0.4000    0.8889
    0.5000    0.2000
    0.2000    0.2222
    0.5000    0.6000
    0.7000    0.4444
    0.4000    0.3000
    0.4444    0.5000
    0.7000    0.7000


reshaped_participant_data_matrix =

    0.5086    0.8481
    0.4250    0.7556
    0.4139    0.7765
    0.3650    0.7625
    0.3924    0.7553
    0.4564    0.8342
    0.3162    0.5112
    0.3677    0.7442
    0.4309    0.6753
    0.4167    0.7701
    0.3438    0.7556
    0.4716    0.8296
    0.3648    0.7019
    0.4494    0.8194
    0.3475    0.5855
    0.4370    0.8222
    0.4915    0.7820
    0.4111    0.6617
    0.3846    0.8160
    0.4074    0.8531


p_value_interaction =

   1.0000e-04


p_value_main_effect_model =

   1.0000e-04

l2_adversarial_vs_standard_alexnet Full ANOVA
                                     SumSq     DF      MeanSq       F         pValue       pValueGG      pValueHF      pValueLB     partial_etaSquared
                                    _______    ___    ________    ______    __________    __________    __________    __________    __________________

    (Intercept)                      121.75      1      121.75      1645     6.402e-20     6.402e-20     6.402e-20     6.402e-20             NaN      
    Error                            1.4062     19    0.074011                                                                               NaN      
    (Intercept):layer                21.054      8      2.6318     159.8    5.7432e-70    9.3508e-52    5.7432e-70    1.0703e-10         0.89374      
    Error(layer)                     2.5034    152    0.016469                                                                               NaN      
    (Intercept):model_type           10.584      1      10.584    518.63    2.9679e-15    2.9679e-15    2.9679e-15    2.9679e-15         0.96466      
    Error(model_type)               0.38775     19    0.020408                                                                               NaN      
    (Intercept):layer:model_type     4.4174      8     0.55217    34.556    1.3556e-30    3.4762e-20    1.8185e-27    1.1633e-05         0.64523      
    Error(layer:model_type)          2.4288    152    0.015979                                                                               NaN      

F(model) main effect: 518.6343
p_value main effect : 0.0001
F(model, stage) interaction: 34.5564
p_value interaction : 0.0001
