######### | Visual Networks: GVOneNet and LowpassAlexNet Experiment - GVOneNet_LowPassAlexnet | #########
NUM_PERMUTATIONS = 10000
MODELS_INCLUDED_IN_ANOVA: alexnet_reduced_aliasing_early_checkpoint, vonealexnet_gaussian_noise_std4_fixed

model_idx =

     2     3


anova_comparison_data_matrix(:,:,1) =

    0.8333    0.6875    0.9375    0.8125    0.7500    0.7500    0.1875    0.0625    0.0625
    0.8235    0.8750    0.8125    0.8125    0.7500    0.5000    0.3125    0.0625    0.3750
    0.8333    0.8750    0.9375    0.8125    0.6875    0.6667    0.2500    0.1875    0.1250
    0.9500    1.0000    0.8125    0.6875    0.8750    0.5000    0.1875    0.0625    0.0625
    0.9444    0.9375    0.9375    0.8750    0.8750    0.6875    0.2500    0.1250    0.0625
    0.9444    0.9333    0.9375    0.8125    0.5000    0.6250    0.1875    0.1250    0.1875
    1.0000    1.0000    0.9375    0.8750    0.8125    0.6875    0.1250    0.1875    0.3125
    0.8947    0.8667    0.9375    0.9375    0.8125    0.6875    0.1250    0.1250         0
    0.8421    0.9375    0.8125    1.0000    0.8750    0.4375    0.1875    0.0625    0.1875
    0.8235    0.7500    0.7500    0.7500    0.6250    0.6250    0.2500    0.0625         0
    1.0000    0.9375    0.9375    0.8750    0.7500    0.5625         0    0.1250    0.0625
    0.9474    0.9375    0.9375    1.0000    0.8750    0.7500    0.3125    0.1875    0.3125
    0.9375    0.8750    0.6875    0.6875    0.9375    0.6875    0.1875    0.2500    0.0625
    0.7647    0.8750    0.8750    0.7500    0.9375    0.7500    0.3125    0.1250    0.1875
    0.8333    0.8750    0.8750    0.9375    0.8125    0.9375    0.1875    0.0625    0.1875
    0.8889    0.9375    0.9375    0.8750    0.6875    0.3750    0.3125    0.1250    0.1333
    0.7500    0.8125    0.8750    0.9375    0.6875    0.8125    0.2500    0.0625    0.1875
    1.0000    0.9375    0.8125    0.8750    0.8750    0.8125    0.2500    0.2500    0.3750
    1.0000    0.8750    0.9375    0.8125    0.8125    0.4375    0.1250    0.1875    0.0625
    0.8824    0.8000    0.9375    0.8750    0.8750    0.5625    0.1250    0.1875    0.2500


anova_comparison_data_matrix(:,:,2) =

    0.8333    0.8667    0.6875    0.6875    0.6250    0.3125         0         0    0.0625
    0.8235    0.8750    0.9375    0.6250    0.6250    0.6000    0.1250    0.1875         0
    0.8333    0.6875    0.7500    0.6250    0.2500    0.1875    0.0625    0.1875         0
    0.9500    1.0000    1.0000    0.6875    0.4375    0.3125    0.2500    0.1333         0
    0.9444    0.9333    1.0000    0.6875    0.2500    0.3125    0.1875    0.1875         0
    0.9444    1.0000    0.9375    0.5625    0.5000    0.5625    0.0625    0.1250    0.0625
    1.0000    0.9333    0.9375    0.6875    0.4375    0.2500    0.1250    0.1875    0.2000
    0.8947    1.0000    1.0000    0.8125    0.5625    0.4000    0.1250    0.1875    0.1250
    0.8421    0.8750    0.7500    0.5625    0.5000    0.1875         0    0.0625    0.1250
    0.8235    0.7500    0.9375    0.5625    0.4667    0.2500    0.0625    0.1250    0.0625
    1.0000    1.0000    0.9375    0.6250    0.6250    0.4375    0.3125    0.1250         0
    0.9474    1.0000    0.9375    0.8125    0.7500    0.6250    0.0625    0.1875    0.2000
    0.9375    0.9375    0.7500    0.5000    0.4375    0.5625    0.1875    0.2500    0.0625
    0.7647    0.9375    0.8750    0.5625    0.5000    0.3750    0.1250    0.0625         0
    0.8333    1.0000    0.8750    0.6250    0.4375    0.1875    0.1250         0    0.1250
    0.8889    1.0000    0.8750    0.6250    0.5000    0.2500    0.1875    0.2500    0.1250
    0.7500    0.9375    1.0000    0.7500    0.6250    0.4375         0    0.0625    0.1250
    1.0000    1.0000    1.0000    0.6875    0.8125    0.5625    0.2500    0.1875    0.1250
    1.0000    0.8125    0.8125    0.8125    0.5000    0.2500    0.0625    0.0625    0.1250
    0.8824    0.9375    1.0000    0.7500    0.5625    0.3750    0.0625         0    0.1875


reshaped_participant_data_matrix =

    0.5648    0.4528
    0.5915    0.5332
    0.5972    0.3981
    0.5708    0.5301
    0.6327    0.5003
    0.5836    0.5285
    0.6597    0.5287
    0.5985    0.5675
    0.5936    0.4338
    0.5151    0.4489
    0.5833    0.5625
    0.6955    0.6136
    0.5903    0.5139
    0.6197    0.4669
    0.6343    0.4676
    0.5858    0.5224
    0.5972    0.5208
    0.6875    0.6250
    0.5833    0.4931
    0.6105    0.5286


p_value_interaction =

   1.0000e-04


p_value_main_effect_model =

   1.0000e-04

GVOneNet_LowPassAlexnet Full ANOVA
                                     SumSq     DF      MeanSq        F         pValue        pValueGG      pValueHF      pValueLB     partial_etaSquared
                                    _______    ___    _________    ______    ___________    __________    __________    __________    __________________

    (Intercept)                      112.21      1       112.21    3296.9       9.13e-23      9.13e-23      9.13e-23      9.13e-23             NaN      
    Error                           0.64665     19     0.034034                                                                                NaN      
    (Intercept):layer                37.003      8       4.6254    482.04    6.9679e-104     7.029e-67    3.2706e-93    5.8047e-15         0.96208      
    Error(layer)                     1.4585    152    0.0095954                                                                                NaN      
    (Intercept):model_type           0.7774      1       0.7774    71.651     7.1732e-08    7.1732e-08    7.1732e-08    7.1732e-08          0.7904      
    Error(model_type)               0.20615     19      0.01085                                                                                NaN      
    (Intercept):layer:model_type     1.1885      8      0.14856    21.751     8.1182e-22    9.8795e-14    5.2711e-18    0.00016919         0.53376      
    Error(layer:model_type)          1.0381    152    0.0068298                                                                                NaN      

F(model) main effect: 71.6509
p_value main effect : 0.0001
F(model, stage) interaction: 21.7513
p_value interaction : 0.0001
