######### | Auditory Networks: Robust CochCNN9 (kel2018) Experiment - linf_adversarial_vs_standard_kell2018_waveform | #########
NUM_PERMUTATIONS = 10000
MODELS_INCLUDED_IN_ANOVA: kell2018, kell2018_linf_p002_robust_waveform

model_idx =

     1     4


anova_comparison_data_matrix(:,:,1) =

  Columns 1 through 7

    0.7778    1.0000    0.8889    0.8889    0.5000    1.0000    0.1250
    1.0000    1.0000    1.0000    1.0000    0.7143    0.3750    0.4444
    0.8889    0.7778    0.6667    0.8889    0.8750    0.8750    0.3333
    0.7778    1.0000    1.0000    0.7778    0.7778    0.7500    0.5556
    0.6667    0.8750    0.6667    1.0000    0.6667    0.5556    0.2222
    0.8750    0.8750    0.8889    0.5714    0.8750    0.6667    0.2500
    0.7778    0.8571    0.8889    0.8750    0.6667    0.6667    0.5000
    1.0000    0.8889    1.0000    0.6667    0.7500    0.3333    0.2222
    0.7778    1.0000    0.8889    0.8750    0.4444    0.3750    0.4444
    1.0000    0.7500    0.8750    0.7500    0.7778    0.5556    0.5556
    0.5556    0.3750    1.0000    0.8571    0.4444    0.5556    0.3750
    1.0000    0.8750    1.0000    0.7778    0.7778    0.7778    0.6667
    1.0000    1.0000    0.6250    0.7778    0.7778    0.8889    0.4444
    0.7500    0.7778    0.8889    1.0000    0.6667    0.6667    0.5556
    1.0000    1.0000    0.8889    0.8750    0.7778    0.4444    0.3333
    0.7500    1.0000    0.8889    0.7500    0.7778    0.7500    0.3333
    0.8750    1.0000    0.6667    0.8750    0.7778    0.7778    0.2222
    0.8750    0.5556    0.6250    1.0000    0.5000    0.4444    0.2500
    0.8750    0.6667    1.0000    0.7778    0.6667    0.4444    0.3750
    0.7778    1.0000    0.8889    0.7778    0.4444    0.6667    0.6667

  Columns 8 through 10

    0.1111    0.1111         0
    0.3333    0.2222         0
         0    0.1111    0.3333
         0         0         0
    0.3333         0    0.1111
    0.3333    0.2222         0
    0.1111         0         0
         0    0.2222         0
    0.1111         0         0
    0.2222         0         0
         0         0         0
    0.5000         0    0.1111
         0    0.1111         0
    0.3333    0.1111         0
    0.1250    0.1111         0
    0.3750         0         0
         0    0.2222         0
    0.1111         0         0
    0.1111         0         0
    0.1250    0.1111    0.1429


anova_comparison_data_matrix(:,:,2) =

  Columns 1 through 7

    0.7778    1.0000    0.8889    1.0000    0.7500    0.7778    0.8889
    1.0000    1.0000    1.0000    0.8750    0.8889    0.7778    0.5556
    0.8889    1.0000    0.8889    0.8750    1.0000    0.5000    0.2222
    0.7778    0.7778    1.0000    1.0000    0.8750    0.6667    0.5714
    0.6667    0.7778    0.7778    1.0000    0.8889    0.8571    0.3333
    0.8750    0.8889    0.8889    0.8889    1.0000    0.6250    0.5556
    0.7778    0.7778    0.8889    0.6250    0.6667    0.5556    0.7500
    1.0000    0.6667    0.6667    0.8889    1.0000    0.6250    0.6250
    0.7778    0.8750    0.8889    0.8750    0.8750    0.6250    0.5556
    1.0000    0.7500    0.6667    1.0000    0.8889    0.8889    0.3333
    0.5556    0.8571    0.8889    0.7778    0.6667    0.5556    0.6667
    1.0000    1.0000    1.0000    1.0000    1.0000    0.8750    0.6667
    1.0000    0.8889    0.6667    0.8889    0.8750    0.8571    0.7143
    0.7500    0.8889    0.8750    0.7778    1.0000    0.7778    0.7778
    1.0000    0.7500    0.8889    1.0000    0.8889    0.7778    0.5556
    0.7500    1.0000    1.0000    0.8889    1.0000    0.8750    0.6667
    0.8750    0.8889    0.8889    0.8571    0.6667    0.3333    0.5556
    0.8750    0.7778    0.8889    0.7778    0.8889    0.4444    0.4444
    0.8750    1.0000    1.0000    0.8889    1.0000    0.6667    0.5556
    0.7778    1.0000    0.8889    1.0000    0.8889    0.8750    0.7143

  Columns 8 through 10

    0.3333    0.3333    0.1250
    0.3333    0.3333    0.1429
         0    0.5556    0.1250
    0.3333    0.3750         0
    0.5000    0.3333    0.1111
    0.4444    0.1111    0.1111
    0.5556    0.2500    0.1111
    0.2222    0.2500    0.1250
    0.3333    0.1429         0
    0.5556    0.3333    0.1250
    0.1111    0.1111    0.1250
    0.6667    0.3333    0.1250
    0.3333    0.1111         0
    0.2222    0.2222         0
    0.2222    0.3750         0
    0.1250    0.2222    0.1111
    0.4444    0.1111         0
    0.6250         0    0.1111
    0.2222    0.2222         0
    0.5000    0.2222    0.1111


reshaped_participant_data_matrix =

    0.5403    0.6875
    0.6089    0.6907
    0.5750    0.6056
    0.5639    0.6377
    0.5097    0.6246
    0.5558    0.6389
    0.5343    0.5958
    0.5083    0.6069
    0.4917    0.5948
    0.5486    0.6542
    0.4163    0.5315
    0.6486    0.7667
    0.5625    0.6335
    0.5750    0.6292
    0.5556    0.6458
    0.5625    0.6639
    0.5417    0.5621
    0.4361    0.5833
    0.4917    0.6431
    0.5601    0.6978


p_value_interaction =

   1.0000e-04


p_value_main_effect_model =

   1.0000e-04

linf_adversarial_vs_standard_kell2018_waveform Full ANOVA
                                     SumSq     DF      MeanSq        F         pValue       pValueGG      pValueHF      pValueLB     partial_etaSquared
                                    _______    ___    _________    ______    __________    __________    __________    __________    __________________

    (Intercept)                      137.83      1       137.83    2800.9    4.2578e-22    4.2578e-22    4.2578e-22    4.2578e-22             NaN      
    Error                           0.93499     19      0.04921                                                                               NaN      
    (Intercept):layer                37.259      9       4.1399     208.7    2.4158e-87    2.0514e-55    3.4957e-80    1.0643e-11         0.91656      
    Error(layer)                      3.392    171     0.019836                                                                               NaN      
    (Intercept):model_type           0.9093      1       0.9093    133.47     4.907e-10     4.907e-10     4.907e-10     4.907e-10         0.87538      
    Error(model_type)               0.12944     19    0.0068129                                                                               NaN      
    (Intercept):layer:model_type    0.62711      9     0.069679    4.8356    9.1764e-06    0.00045383    4.7967e-05      0.040463         0.20287      
    Error(layer:model_type)           2.464    171      0.01441                                                                               NaN      

F(model) main effect: 133.4679
p_value main effect : 0.0001
F(model, stage) interaction: 4.8356
p_value interaction : 0.0001
