######### | Auditory Networks: Robust CochCNN9 (kel2018) Experiment - linf_random_vs_standard_kell2018_waveform | #########
NUM_PERMUTATIONS = 10000
MODELS_INCLUDED_IN_ANOVA: kell2018, kell2018_linf_p002_random_step_waveform

model_idx =

     1     5


anova_comparison_data_matrix(:,:,1) =

  Columns 1 through 7

    0.7778    1.0000    0.8889    0.8889    0.5000    1.0000    0.1250
    1.0000    1.0000    1.0000    1.0000    0.7143    0.3750    0.4444
    0.8889    0.7778    0.6667    0.8889    0.8750    0.8750    0.3333
    0.7778    1.0000    1.0000    0.7778    0.7778    0.7500    0.5556
    0.6667    0.8750    0.6667    1.0000    0.6667    0.5556    0.2222
    0.8750    0.8750    0.8889    0.5714    0.8750    0.6667    0.2500
    0.7778    0.8571    0.8889    0.8750    0.6667    0.6667    0.5000
    1.0000    0.8889    1.0000    0.6667    0.7500    0.3333    0.2222
    0.7778    1.0000    0.8889    0.8750    0.4444    0.3750    0.4444
    1.0000    0.7500    0.8750    0.7500    0.7778    0.5556    0.5556
    0.5556    0.3750    1.0000    0.8571    0.4444    0.5556    0.3750
    1.0000    0.8750    1.0000    0.7778    0.7778    0.7778    0.6667
    1.0000    1.0000    0.6250    0.7778    0.7778    0.8889    0.4444
    0.7500    0.7778    0.8889    1.0000    0.6667    0.6667    0.5556
    1.0000    1.0000    0.8889    0.8750    0.7778    0.4444    0.3333
    0.7500    1.0000    0.8889    0.7500    0.7778    0.7500    0.3333
    0.8750    1.0000    0.6667    0.8750    0.7778    0.7778    0.2222
    0.8750    0.5556    0.6250    1.0000    0.5000    0.4444    0.2500
    0.8750    0.6667    1.0000    0.7778    0.6667    0.4444    0.3750
    0.7778    1.0000    0.8889    0.7778    0.4444    0.6667    0.6667

  Columns 8 through 10

    0.1111    0.1111         0
    0.3333    0.2222         0
         0    0.1111    0.3333
         0         0         0
    0.3333         0    0.1111
    0.3333    0.2222         0
    0.1111         0         0
         0    0.2222         0
    0.1111         0         0
    0.2222         0         0
         0         0         0
    0.5000         0    0.1111
         0    0.1111         0
    0.3333    0.1111         0
    0.1250    0.1111         0
    0.3750         0         0
         0    0.2222         0
    0.1111         0         0
    0.1111         0         0
    0.1250    0.1111    0.1429


anova_comparison_data_matrix(:,:,2) =

  Columns 1 through 7

    0.7778    0.7778    1.0000    1.0000    0.8750    0.7778         0
    1.0000    0.7778    0.7778    0.8571    0.4444    0.6667    0.5556
    0.8889    0.8750    0.7778    0.6667    0.7500    0.5556    0.4444
    0.7778    0.7778    0.6667    1.0000    0.6667    0.4444    0.2222
    0.6667    0.7778    0.7500    1.0000    0.5556    0.6667    0.5556
    0.8750    0.7778    0.7778    0.8889    0.8750    0.5556    0.4444
    0.7778    0.7500    0.6250    1.0000    0.6667    0.5000    0.5556
    1.0000    0.8889    0.8889    0.8750    0.7778    0.6667    0.4444
    0.7778    0.8889    0.7778    1.0000    0.3750    0.7778    0.3750
    1.0000    0.8889    0.8889    0.6667    0.7778    0.3333    0.4444
    0.5556    0.6667    0.7778    0.8889    0.5556    0.1250    0.3333
    1.0000    0.8750    1.0000    1.0000    1.0000    0.8889    0.5556
    1.0000    0.8889    1.0000    0.6667    0.7500    0.6250    0.6667
    0.7500    0.8889    0.8750    1.0000    1.0000    0.5556    0.3750
    1.0000    0.8889    0.8750    0.8889    0.5556    0.5000    0.3333
    0.7500    1.0000    1.0000    1.0000    0.6667    0.6667    0.4444
    0.8750    1.0000    0.8750    0.8889    0.4444    0.3750    0.1111
    0.8750    0.6667    1.0000    1.0000    0.6667    0.3333    0.3333
    0.8750    1.0000    1.0000    0.7500    0.3333    0.6667    0.3333
    0.7778    0.8571    0.7778    0.8750    0.5556    0.5556    0.2222

  Columns 8 through 10

    0.2222         0         0
    0.2222         0         0
         0    0.1111         0
    0.3333    0.1111         0
    0.1111    0.1111         0
    0.4286         0         0
         0         0    0.1111
    0.2222         0         0
    0.2222    0.1111         0
    0.2222         0    0.1250
    0.2222         0         0
    0.4444    0.3333         0
    0.1111         0         0
    0.2222    0.2500         0
    0.2222         0         0
         0         0    0.1111
    0.1111    0.1111    0.1111
    0.3333         0         0
    0.2222         0         0
    0.3750    0.1111         0


reshaped_participant_data_matrix =

    0.5403    0.5431
    0.6089    0.5302
    0.5750    0.5069
    0.5639    0.5000
    0.5097    0.5194
    0.5558    0.5623
    0.5343    0.4986
    0.5083    0.5764
    0.4917    0.5306
    0.5486    0.5347
    0.4163    0.4125
    0.6486    0.7097
    0.5625    0.5708
    0.5750    0.5917
    0.5556    0.5264
    0.5625    0.5639
    0.5417    0.4903
    0.4361    0.5208
    0.4917    0.5181
    0.5601    0.5107


p_value_interaction =

    0.5490


p_value_main_effect_model =

    0.7312

linf_random_vs_standard_kell2018_waveform Full ANOVA
                                      SumSq      DF      MeanSq         F         pValue       pValueGG      pValueHF      pValueLB     partial_etaSquared
                                    _________    ___    _________    _______    __________    __________    __________    __________    __________________

    (Intercept)                         115.6      1        115.6     2330.5    2.4116e-21    2.4116e-21    2.4116e-21    2.4116e-21              NaN     
    Error                             0.94246     19     0.049603                                                                                 NaN     
    (Intercept):layer                  42.128      9       4.6809     228.33    2.1056e-90    1.5917e-60    6.7409e-90    4.8359e-12          0.92318     
    Error(layer)                       3.5056    171       0.0205                                                                                 NaN     
    (Intercept):model_type          0.0012056      1    0.0012056    0.11357       0.73981       0.73981       0.73981       0.73981         0.005942     
    Error(model_type)                 0.20169     19     0.010615                                                                                 NaN     
    (Intercept):layer:model_type      0.11313      9      0.01257    0.87869       0.54551       0.50549       0.53508       0.36032         0.044203     
    Error(layer:model_type)            2.4462    171     0.014305                                                                                 NaN     

F(model) main effect: 0.11357
p_value main effect : 0.7312
F(model, stage) interaction: 0.87869
p_value interaction : 0.549
