######### | Auditory Networks: Robust CochCNN9 (kel2018) Experiment - l2_and_linf_adversarial_vs_standard_kell2018_waveform | #########
NUM_PERMUTATIONS = 10000
MODELS_INCLUDED_IN_ANOVA: kell2018, kell2018_l2_1_robust_waveform, kell2018_linf_p002_robust_waveform

model_idx =

     1     2     4


anova_comparison_data_matrix(:,:,1) =

  Columns 1 through 7

    0.7778    1.0000    0.8889    0.8889    0.5000    1.0000    0.1250
    1.0000    1.0000    1.0000    1.0000    0.7143    0.3750    0.4444
    0.8889    0.7778    0.6667    0.8889    0.8750    0.8750    0.3333
    0.7778    1.0000    1.0000    0.7778    0.7778    0.7500    0.5556
    0.6667    0.8750    0.6667    1.0000    0.6667    0.5556    0.2222
    0.8750    0.8750    0.8889    0.5714    0.8750    0.6667    0.2500
    0.7778    0.8571    0.8889    0.8750    0.6667    0.6667    0.5000
    1.0000    0.8889    1.0000    0.6667    0.7500    0.3333    0.2222
    0.7778    1.0000    0.8889    0.8750    0.4444    0.3750    0.4444
    1.0000    0.7500    0.8750    0.7500    0.7778    0.5556    0.5556
    0.5556    0.3750    1.0000    0.8571    0.4444    0.5556    0.3750
    1.0000    0.8750    1.0000    0.7778    0.7778    0.7778    0.6667
    1.0000    1.0000    0.6250    0.7778    0.7778    0.8889    0.4444
    0.7500    0.7778    0.8889    1.0000    0.6667    0.6667    0.5556
    1.0000    1.0000    0.8889    0.8750    0.7778    0.4444    0.3333
    0.7500    1.0000    0.8889    0.7500    0.7778    0.7500    0.3333
    0.8750    1.0000    0.6667    0.8750    0.7778    0.7778    0.2222
    0.8750    0.5556    0.6250    1.0000    0.5000    0.4444    0.2500
    0.8750    0.6667    1.0000    0.7778    0.6667    0.4444    0.3750
    0.7778    1.0000    0.8889    0.7778    0.4444    0.6667    0.6667

  Columns 8 through 10

    0.1111    0.1111         0
    0.3333    0.2222         0
         0    0.1111    0.3333
         0         0         0
    0.3333         0    0.1111
    0.3333    0.2222         0
    0.1111         0         0
         0    0.2222         0
    0.1111         0         0
    0.2222         0         0
         0         0         0
    0.5000         0    0.1111
         0    0.1111         0
    0.3333    0.1111         0
    0.1250    0.1111         0
    0.3750         0         0
         0    0.2222         0
    0.1111         0         0
    0.1111         0         0
    0.1250    0.1111    0.1429


anova_comparison_data_matrix(:,:,2) =

  Columns 1 through 7

    0.7778    0.8889    1.0000    0.8889    0.7778    0.7778    0.4444
    1.0000    1.0000    0.7778    0.8889    0.8889    0.7778    0.8750
    0.8889    0.7778    1.0000    0.6250    0.7778    0.5000    0.6250
    0.7778    0.8889    0.7778    0.8889    0.6667    0.7778    0.8889
    0.6667    0.7778    1.0000    0.7778    0.7778    0.7778    0.7778
    0.8750    0.7778    0.8750    0.8889    0.7500    0.7778    0.5556
    0.7778    0.8889    0.8750    0.4444    0.7778    0.6250    0.8889
    1.0000    0.5556    0.6667    0.7778    0.6250    0.7778    0.7778
    0.7778    0.8889    0.8889    0.7778    0.6667    0.4444    0.6667
    1.0000    0.8889    1.0000    0.8889    0.7778    0.8889    0.3750
    0.5556    0.8889    0.6250    0.8889    0.4444    0.7778    0.6250
    1.0000    1.0000    1.0000    0.8889    0.7778    0.6667    0.7143
    1.0000    0.6667    1.0000    0.6667    1.0000    0.6667    0.8750
    0.7500    1.0000    1.0000    1.0000    0.8889    1.0000    0.6250
    1.0000    1.0000    0.8889    0.7778    0.8889    0.7778    1.0000
    0.7500    0.8889    0.7778    1.0000    0.8889    0.8750    0.7778
    0.8750    0.8889    1.0000    0.7778    1.0000    0.8750    1.0000
    0.8750    0.7778    0.4444    1.0000    0.7778    0.8750    0.7778
    0.8750    0.7778    0.8889    0.7778    0.7500    0.8889    0.8571
    0.7778    0.7778    0.7778    0.8889    0.8889    0.6667    0.7500

  Columns 8 through 10

    0.5556    0.1250    0.2222
    0.5556    0.1111    0.2222
    0.7778    0.1111    0.2222
    0.5556    0.4444         0
    0.6667    0.2500         0
    0.6667    0.1111    0.1111
    0.4444    0.2500    0.2222
    0.6667    0.3750    0.1250
    0.7778    0.8750    0.2500
    0.5000    0.5000    0.2500
    0.3333    0.2500         0
    0.7500    0.3333    0.2500
    0.7500    0.2222         0
    0.4444    0.4444    0.1111
    0.3750    0.1250         0
    0.6667    0.3750         0
    0.2222    0.3750    0.1111
    0.5556    0.2500    0.1250
    0.3333    0.2222    0.1429
    0.7778    0.3750    0.3333


anova_comparison_data_matrix(:,:,3) =

  Columns 1 through 7

    0.7778    1.0000    0.8889    1.0000    0.7500    0.7778    0.8889
    1.0000    1.0000    1.0000    0.8750    0.8889    0.7778    0.5556
    0.8889    1.0000    0.8889    0.8750    1.0000    0.5000    0.2222
    0.7778    0.7778    1.0000    1.0000    0.8750    0.6667    0.5714
    0.6667    0.7778    0.7778    1.0000    0.8889    0.8571    0.3333
    0.8750    0.8889    0.8889    0.8889    1.0000    0.6250    0.5556
    0.7778    0.7778    0.8889    0.6250    0.6667    0.5556    0.7500
    1.0000    0.6667    0.6667    0.8889    1.0000    0.6250    0.6250
    0.7778    0.8750    0.8889    0.8750    0.8750    0.6250    0.5556
    1.0000    0.7500    0.6667    1.0000    0.8889    0.8889    0.3333
    0.5556    0.8571    0.8889    0.7778    0.6667    0.5556    0.6667
    1.0000    1.0000    1.0000    1.0000    1.0000    0.8750    0.6667
    1.0000    0.8889    0.6667    0.8889    0.8750    0.8571    0.7143
    0.7500    0.8889    0.8750    0.7778    1.0000    0.7778    0.7778
    1.0000    0.7500    0.8889    1.0000    0.8889    0.7778    0.5556
    0.7500    1.0000    1.0000    0.8889    1.0000    0.8750    0.6667
    0.8750    0.8889    0.8889    0.8571    0.6667    0.3333    0.5556
    0.8750    0.7778    0.8889    0.7778    0.8889    0.4444    0.4444
    0.8750    1.0000    1.0000    0.8889    1.0000    0.6667    0.5556
    0.7778    1.0000    0.8889    1.0000    0.8889    0.8750    0.7143

  Columns 8 through 10

    0.3333    0.3333    0.1250
    0.3333    0.3333    0.1429
         0    0.5556    0.1250
    0.3333    0.3750         0
    0.5000    0.3333    0.1111
    0.4444    0.1111    0.1111
    0.5556    0.2500    0.1111
    0.2222    0.2500    0.1250
    0.3333    0.1429         0
    0.5556    0.3333    0.1250
    0.1111    0.1111    0.1250
    0.6667    0.3333    0.1250
    0.3333    0.1111         0
    0.2222    0.2222         0
    0.2222    0.3750         0
    0.1250    0.2222    0.1111
    0.4444    0.1111         0
    0.6250         0    0.1111
    0.2222    0.2222         0
    0.5000    0.2222    0.1111


reshaped_participant_data_matrix =

    0.5403    0.6458    0.6875
    0.6089    0.7097    0.6907
    0.5750    0.6306    0.6056
    0.5639    0.6667    0.6377
    0.5097    0.6472    0.6246
    0.5558    0.6389    0.6389
    0.5343    0.6194    0.5958
    0.5083    0.6347    0.6069
    0.4917    0.7014    0.5948
    0.5486    0.7069    0.6542
    0.4163    0.5389    0.5315
    0.6486    0.7381    0.7667
    0.5625    0.6847    0.6335
    0.5750    0.7264    0.6292
    0.5556    0.6833    0.6458
    0.5625    0.7000    0.6639
    0.5417    0.7125    0.5621
    0.4361    0.6458    0.5833
    0.4917    0.6514    0.6431
    0.5601    0.7014    0.6978


p_value_interaction =

   1.0000e-04


p_value_main_effect_model =

   1.0000e-04

l2_and_linf_adversarial_vs_standard_kell2018_waveform Full ANOVA
                                     SumSq     DF      MeanSq        F         pValue       pValueGG      pValueHF      pValueLB     partial_etaSquared
                                    _______    ___    _________    ______    __________    __________    __________    __________    __________________

    (Intercept)                      226.49      1       226.49      3698    3.0845e-23    3.0845e-23    3.0845e-23    3.0845e-23             NaN      
    Error                            1.1637     19     0.061248                                                                               NaN      
    (Intercept):layer                47.159      9       5.2399    246.59    4.8641e-93    3.2537e-61    3.3014e-90    2.4518e-12         0.92846      
    Error(layer)                     3.6336    171     0.021249                                                                               NaN      
    (Intercept):model_type             1.81      2      0.90502    109.35     1.724e-16    8.3137e-16     1.724e-16    2.5491e-09         0.85197      
    Error(model_type)               0.31449     38    0.0082761                                                                               NaN      
    (Intercept):layer:model_type     2.3875     18      0.13264    7.8863    2.2638e-17    5.7842e-09    1.1682e-14       0.01122         0.29332      
    Error(layer:model_type)          5.7521    342     0.016819                                                                               NaN      

F(model) main effect: 109.354
p_value main effect : 0.0001
F(model, stage) interaction: 7.8863
p_value interaction : 0.0001
