######### | Auditory Networks: Robust CochCNN9 (kel2018) Experiment - linf_adversarial_vs_l2_adversarial_kell2018_waveform | #########
NUM_PERMUTATIONS = 10000
MODELS_INCLUDED_IN_ANOVA: kell2018_l2_1_robust_waveform, kell2018_linf_p002_robust_waveform

model_idx =

     2     4


anova_comparison_data_matrix(:,:,1) =

  Columns 1 through 7

    0.7778    0.8889    1.0000    0.8889    0.7778    0.7778    0.4444
    1.0000    1.0000    0.7778    0.8889    0.8889    0.7778    0.8750
    0.8889    0.7778    1.0000    0.6250    0.7778    0.5000    0.6250
    0.7778    0.8889    0.7778    0.8889    0.6667    0.7778    0.8889
    0.6667    0.7778    1.0000    0.7778    0.7778    0.7778    0.7778
    0.8750    0.7778    0.8750    0.8889    0.7500    0.7778    0.5556
    0.7778    0.8889    0.8750    0.4444    0.7778    0.6250    0.8889
    1.0000    0.5556    0.6667    0.7778    0.6250    0.7778    0.7778
    0.7778    0.8889    0.8889    0.7778    0.6667    0.4444    0.6667
    1.0000    0.8889    1.0000    0.8889    0.7778    0.8889    0.3750
    0.5556    0.8889    0.6250    0.8889    0.4444    0.7778    0.6250
    1.0000    1.0000    1.0000    0.8889    0.7778    0.6667    0.7143
    1.0000    0.6667    1.0000    0.6667    1.0000    0.6667    0.8750
    0.7500    1.0000    1.0000    1.0000    0.8889    1.0000    0.6250
    1.0000    1.0000    0.8889    0.7778    0.8889    0.7778    1.0000
    0.7500    0.8889    0.7778    1.0000    0.8889    0.8750    0.7778
    0.8750    0.8889    1.0000    0.7778    1.0000    0.8750    1.0000
    0.8750    0.7778    0.4444    1.0000    0.7778    0.8750    0.7778
    0.8750    0.7778    0.8889    0.7778    0.7500    0.8889    0.8571
    0.7778    0.7778    0.7778    0.8889    0.8889    0.6667    0.7500

  Columns 8 through 10

    0.5556    0.1250    0.2222
    0.5556    0.1111    0.2222
    0.7778    0.1111    0.2222
    0.5556    0.4444         0
    0.6667    0.2500         0
    0.6667    0.1111    0.1111
    0.4444    0.2500    0.2222
    0.6667    0.3750    0.1250
    0.7778    0.8750    0.2500
    0.5000    0.5000    0.2500
    0.3333    0.2500         0
    0.7500    0.3333    0.2500
    0.7500    0.2222         0
    0.4444    0.4444    0.1111
    0.3750    0.1250         0
    0.6667    0.3750         0
    0.2222    0.3750    0.1111
    0.5556    0.2500    0.1250
    0.3333    0.2222    0.1429
    0.7778    0.3750    0.3333


anova_comparison_data_matrix(:,:,2) =

  Columns 1 through 7

    0.7778    1.0000    0.8889    1.0000    0.7500    0.7778    0.8889
    1.0000    1.0000    1.0000    0.8750    0.8889    0.7778    0.5556
    0.8889    1.0000    0.8889    0.8750    1.0000    0.5000    0.2222
    0.7778    0.7778    1.0000    1.0000    0.8750    0.6667    0.5714
    0.6667    0.7778    0.7778    1.0000    0.8889    0.8571    0.3333
    0.8750    0.8889    0.8889    0.8889    1.0000    0.6250    0.5556
    0.7778    0.7778    0.8889    0.6250    0.6667    0.5556    0.7500
    1.0000    0.6667    0.6667    0.8889    1.0000    0.6250    0.6250
    0.7778    0.8750    0.8889    0.8750    0.8750    0.6250    0.5556
    1.0000    0.7500    0.6667    1.0000    0.8889    0.8889    0.3333
    0.5556    0.8571    0.8889    0.7778    0.6667    0.5556    0.6667
    1.0000    1.0000    1.0000    1.0000    1.0000    0.8750    0.6667
    1.0000    0.8889    0.6667    0.8889    0.8750    0.8571    0.7143
    0.7500    0.8889    0.8750    0.7778    1.0000    0.7778    0.7778
    1.0000    0.7500    0.8889    1.0000    0.8889    0.7778    0.5556
    0.7500    1.0000    1.0000    0.8889    1.0000    0.8750    0.6667
    0.8750    0.8889    0.8889    0.8571    0.6667    0.3333    0.5556
    0.8750    0.7778    0.8889    0.7778    0.8889    0.4444    0.4444
    0.8750    1.0000    1.0000    0.8889    1.0000    0.6667    0.5556
    0.7778    1.0000    0.8889    1.0000    0.8889    0.8750    0.7143

  Columns 8 through 10

    0.3333    0.3333    0.1250
    0.3333    0.3333    0.1429
         0    0.5556    0.1250
    0.3333    0.3750         0
    0.5000    0.3333    0.1111
    0.4444    0.1111    0.1111
    0.5556    0.2500    0.1111
    0.2222    0.2500    0.1250
    0.3333    0.1429         0
    0.5556    0.3333    0.1250
    0.1111    0.1111    0.1250
    0.6667    0.3333    0.1250
    0.3333    0.1111         0
    0.2222    0.2222         0
    0.2222    0.3750         0
    0.1250    0.2222    0.1111
    0.4444    0.1111         0
    0.6250         0    0.1111
    0.2222    0.2222         0
    0.5000    0.2222    0.1111


reshaped_participant_data_matrix =

    0.6458    0.6875
    0.7097    0.6907
    0.6306    0.6056
    0.6667    0.6377
    0.6472    0.6246
    0.6389    0.6389
    0.6194    0.5958
    0.6347    0.6069
    0.7014    0.5948
    0.7069    0.6542
    0.5389    0.5315
    0.7381    0.7667
    0.6847    0.6335
    0.7264    0.6292
    0.6833    0.6458
    0.7000    0.6639
    0.7125    0.5621
    0.6458    0.5833
    0.6514    0.6431
    0.7014    0.6978


p_value_interaction =

   1.0000e-04


p_value_main_effect_model =

    0.0012

linf_adversarial_vs_l2_adversarial_kell2018_waveform Full ANOVA
                                     SumSq     DF      MeanSq        F         pValue       pValueGG      pValueHF      pValueLB     partial_etaSquared
                                    _______    ___    _________    ______    __________    __________    __________    __________    __________________

    (Intercept)                      170.01      1       170.01    4332.3    6.9024e-24    6.9024e-24    6.9024e-24    6.9024e-24             NaN      
    Error                           0.74561     19     0.039243                                                                               NaN      
    (Intercept):layer                27.604      9       3.0672    158.27    4.3672e-78    3.1571e-52    2.6855e-77    1.1617e-10         0.89282      
    Error(layer)                     3.3138    171     0.019379                                                                               NaN      
    (Intercept):model_type          0.11912      1      0.11912    11.919     0.0026685     0.0026685     0.0026685     0.0026685         0.38549      
    Error(model_type)               0.18989     19    0.0099943                                                                               NaN      
    (Intercept):layer:model_type     0.8477      9     0.094189    5.5793    9.6127e-07    0.00013244    9.3311e-06         0.029         0.22699      
    Error(layer:model_type)          2.8868    171     0.016882                                                                               NaN      

F(model) main effect: 11.9189
p_value main effect : 0.0012
F(model, stage) interaction: 5.5793
p_value interaction : 0.0001
