######### | Auditory Networks: Robust CochCNN9 (kel2018) Experiment - l2_random_vs_standard_kell2018_waveform | #########
NUM_PERMUTATIONS = 10000
MODELS_INCLUDED_IN_ANOVA: kell2018, kell2018_l2_1_random_step_waveform

model_idx =

     1     3


anova_comparison_data_matrix(:,:,1) =

  Columns 1 through 7

    0.7778    1.0000    0.8889    0.8889    0.5000    1.0000    0.1250
    1.0000    1.0000    1.0000    1.0000    0.7143    0.3750    0.4444
    0.8889    0.7778    0.6667    0.8889    0.8750    0.8750    0.3333
    0.7778    1.0000    1.0000    0.7778    0.7778    0.7500    0.5556
    0.6667    0.8750    0.6667    1.0000    0.6667    0.5556    0.2222
    0.8750    0.8750    0.8889    0.5714    0.8750    0.6667    0.2500
    0.7778    0.8571    0.8889    0.8750    0.6667    0.6667    0.5000
    1.0000    0.8889    1.0000    0.6667    0.7500    0.3333    0.2222
    0.7778    1.0000    0.8889    0.8750    0.4444    0.3750    0.4444
    1.0000    0.7500    0.8750    0.7500    0.7778    0.5556    0.5556
    0.5556    0.3750    1.0000    0.8571    0.4444    0.5556    0.3750
    1.0000    0.8750    1.0000    0.7778    0.7778    0.7778    0.6667
    1.0000    1.0000    0.6250    0.7778    0.7778    0.8889    0.4444
    0.7500    0.7778    0.8889    1.0000    0.6667    0.6667    0.5556
    1.0000    1.0000    0.8889    0.8750    0.7778    0.4444    0.3333
    0.7500    1.0000    0.8889    0.7500    0.7778    0.7500    0.3333
    0.8750    1.0000    0.6667    0.8750    0.7778    0.7778    0.2222
    0.8750    0.5556    0.6250    1.0000    0.5000    0.4444    0.2500
    0.8750    0.6667    1.0000    0.7778    0.6667    0.4444    0.3750
    0.7778    1.0000    0.8889    0.7778    0.4444    0.6667    0.6667

  Columns 8 through 10

    0.1111    0.1111         0
    0.3333    0.2222         0
         0    0.1111    0.3333
         0         0         0
    0.3333         0    0.1111
    0.3333    0.2222         0
    0.1111         0         0
         0    0.2222         0
    0.1111         0         0
    0.2222         0         0
         0         0         0
    0.5000         0    0.1111
         0    0.1111         0
    0.3333    0.1111         0
    0.1250    0.1111         0
    0.3750         0         0
         0    0.2222         0
    0.1111         0         0
    0.1111         0         0
    0.1250    0.1111    0.1429


anova_comparison_data_matrix(:,:,2) =

  Columns 1 through 7

    0.7778    0.8889    1.0000    0.7500    0.3750    0.5556    0.5000
    1.0000    1.0000    0.8750    0.8889    0.8889    0.6667    0.3750
    0.8889    0.7778    0.8750    0.7143    0.6667    0.6667    0.2222
    0.7778    0.8750    0.6667    0.7500    0.8889    0.7778    0.1111
    0.6667    0.8750    1.0000    0.7778    0.7778    0.3750    0.4444
    0.8750    1.0000    1.0000    1.0000    0.3750    0.4444    0.4444
    0.7778    0.8889    1.0000    1.0000    0.7500    0.5000    0.2222
    1.0000    0.8889    0.7778    0.8889    0.3750    0.5000    0.2222
    0.7778    0.8889    0.8750    0.7778    0.5556    0.2222    0.4444
    1.0000    1.0000    0.6667    0.7778    0.7500    0.5556    0.4444
    0.5556    0.8750    0.6667    0.8889    0.2500    0.4444    0.2222
    1.0000    1.0000    0.8750    1.0000    0.8889    0.4444    0.4444
    1.0000    1.0000    0.7778    0.8889    0.6667    0.4444    0.2222
    0.7500    1.0000    0.8750    0.7500    0.7500    0.7778    0.6667
    1.0000    0.8889    0.6667    0.7500    0.7778    0.5000    0.2500
    0.7500    1.0000    1.0000    0.8889    0.7778    0.5556    0.4444
    0.8750    0.8889    0.7778    0.6250    0.5556    0.4444    0.1111
    0.8750    0.5556    0.7500    0.7778    0.7778    0.4444    0.1250
    0.8750    1.0000    1.0000    1.0000    0.7778    0.8750    0.2222
    0.7778    0.8889    1.0000    1.0000    0.7778    0.6667    0.6667

  Columns 8 through 10

    0.3750    0.2222    0.1250
    0.2222    0.1429         0
    0.3333    0.1111         0
         0    0.1250         0
    0.3333    0.1111    0.2222
    0.2500         0    0.1111
         0    0.1111    0.2222
    0.3750    0.1111         0
    0.1111         0         0
    0.1111         0         0
         0         0         0
    0.3333         0         0
         0         0         0
    0.4444         0    0.1111
    0.1111    0.1250         0
    0.1250         0    0.2222
    0.2500         0         0
         0         0         0
    0.2222    0.1111    0.2500
    0.1111         0         0


reshaped_participant_data_matrix =

    0.5403    0.5569
    0.6089    0.6060
    0.5750    0.5256
    0.5639    0.4972
    0.5097    0.5583
    0.5558    0.5500
    0.5343    0.5472
    0.5083    0.5139
    0.4917    0.4653
    0.5486    0.5306
    0.4163    0.3903
    0.6486    0.5986
    0.5625    0.5000
    0.5750    0.6125
    0.5556    0.5069
    0.5625    0.5764
    0.5417    0.4528
    0.4361    0.4306
    0.4917    0.6333
    0.5601    0.5889


p_value_interaction =

    0.4191


p_value_main_effect_model =

    0.5402

l2_random_vs_standard_kell2018_waveform Full ANOVA
                                      SumSq      DF      MeanSq         F         pValue       pValueGG      pValueHF      pValueLB     partial_etaSquared
                                    _________    ___    _________    _______    __________    __________    __________    __________    __________________

    (Intercept)                        114.79      1       114.79     2028.1    8.9324e-21    8.9324e-21    8.9324e-21    8.9324e-21              NaN     
    Error                              1.0754     19     0.056598                                                                                 NaN     
    (Intercept):layer                  42.283      9       4.6981     240.68     3.317e-92     1.369e-58    6.2405e-85    3.0392e-12          0.92683     
    Error(layer)                        3.338    171      0.01952                                                                                 NaN     
    (Intercept):model_type          0.0052735      1    0.0052735    0.40397       0.53263       0.53263       0.53263       0.53263         0.020819     
    Error(model_type)                 0.24803     19     0.013054                                                                                 NaN     
    (Intercept):layer:model_type       0.1365      9     0.015166     1.0208       0.42537       0.41067       0.42043       0.32503         0.050985     
    Error(layer:model_type)            2.5407    171     0.014858                                                                                 NaN     

F(model) main effect: 0.40397
p_value main effect : 0.5402
F(model, stage) interaction: 1.0208
p_value interaction : 0.4191
