######### | Auditory Networks: Robust CochCNN9 (kel2018) Experiment - linf_adversarial_vs_linf_random_kell2018_waveform | #########
NUM_PERMUTATIONS = 10000
MODELS_INCLUDED_IN_ANOVA: kell2018_linf_p002_robust_waveform, kell2018_linf_p002_random_step_waveform

model_idx =

     4     5


anova_comparison_data_matrix(:,:,1) =

  Columns 1 through 7

    0.7778    1.0000    0.8889    1.0000    0.7500    0.7778    0.8889
    1.0000    1.0000    1.0000    0.8750    0.8889    0.7778    0.5556
    0.8889    1.0000    0.8889    0.8750    1.0000    0.5000    0.2222
    0.7778    0.7778    1.0000    1.0000    0.8750    0.6667    0.5714
    0.6667    0.7778    0.7778    1.0000    0.8889    0.8571    0.3333
    0.8750    0.8889    0.8889    0.8889    1.0000    0.6250    0.5556
    0.7778    0.7778    0.8889    0.6250    0.6667    0.5556    0.7500
    1.0000    0.6667    0.6667    0.8889    1.0000    0.6250    0.6250
    0.7778    0.8750    0.8889    0.8750    0.8750    0.6250    0.5556
    1.0000    0.7500    0.6667    1.0000    0.8889    0.8889    0.3333
    0.5556    0.8571    0.8889    0.7778    0.6667    0.5556    0.6667
    1.0000    1.0000    1.0000    1.0000    1.0000    0.8750    0.6667
    1.0000    0.8889    0.6667    0.8889    0.8750    0.8571    0.7143
    0.7500    0.8889    0.8750    0.7778    1.0000    0.7778    0.7778
    1.0000    0.7500    0.8889    1.0000    0.8889    0.7778    0.5556
    0.7500    1.0000    1.0000    0.8889    1.0000    0.8750    0.6667
    0.8750    0.8889    0.8889    0.8571    0.6667    0.3333    0.5556
    0.8750    0.7778    0.8889    0.7778    0.8889    0.4444    0.4444
    0.8750    1.0000    1.0000    0.8889    1.0000    0.6667    0.5556
    0.7778    1.0000    0.8889    1.0000    0.8889    0.8750    0.7143

  Columns 8 through 10

    0.3333    0.3333    0.1250
    0.3333    0.3333    0.1429
         0    0.5556    0.1250
    0.3333    0.3750         0
    0.5000    0.3333    0.1111
    0.4444    0.1111    0.1111
    0.5556    0.2500    0.1111
    0.2222    0.2500    0.1250
    0.3333    0.1429         0
    0.5556    0.3333    0.1250
    0.1111    0.1111    0.1250
    0.6667    0.3333    0.1250
    0.3333    0.1111         0
    0.2222    0.2222         0
    0.2222    0.3750         0
    0.1250    0.2222    0.1111
    0.4444    0.1111         0
    0.6250         0    0.1111
    0.2222    0.2222         0
    0.5000    0.2222    0.1111


anova_comparison_data_matrix(:,:,2) =

  Columns 1 through 7

    0.7778    0.7778    1.0000    1.0000    0.8750    0.7778         0
    1.0000    0.7778    0.7778    0.8571    0.4444    0.6667    0.5556
    0.8889    0.8750    0.7778    0.6667    0.7500    0.5556    0.4444
    0.7778    0.7778    0.6667    1.0000    0.6667    0.4444    0.2222
    0.6667    0.7778    0.7500    1.0000    0.5556    0.6667    0.5556
    0.8750    0.7778    0.7778    0.8889    0.8750    0.5556    0.4444
    0.7778    0.7500    0.6250    1.0000    0.6667    0.5000    0.5556
    1.0000    0.8889    0.8889    0.8750    0.7778    0.6667    0.4444
    0.7778    0.8889    0.7778    1.0000    0.3750    0.7778    0.3750
    1.0000    0.8889    0.8889    0.6667    0.7778    0.3333    0.4444
    0.5556    0.6667    0.7778    0.8889    0.5556    0.1250    0.3333
    1.0000    0.8750    1.0000    1.0000    1.0000    0.8889    0.5556
    1.0000    0.8889    1.0000    0.6667    0.7500    0.6250    0.6667
    0.7500    0.8889    0.8750    1.0000    1.0000    0.5556    0.3750
    1.0000    0.8889    0.8750    0.8889    0.5556    0.5000    0.3333
    0.7500    1.0000    1.0000    1.0000    0.6667    0.6667    0.4444
    0.8750    1.0000    0.8750    0.8889    0.4444    0.3750    0.1111
    0.8750    0.6667    1.0000    1.0000    0.6667    0.3333    0.3333
    0.8750    1.0000    1.0000    0.7500    0.3333    0.6667    0.3333
    0.7778    0.8571    0.7778    0.8750    0.5556    0.5556    0.2222

  Columns 8 through 10

    0.2222         0         0
    0.2222         0         0
         0    0.1111         0
    0.3333    0.1111         0
    0.1111    0.1111         0
    0.4286         0         0
         0         0    0.1111
    0.2222         0         0
    0.2222    0.1111         0
    0.2222         0    0.1250
    0.2222         0         0
    0.4444    0.3333         0
    0.1111         0         0
    0.2222    0.2500         0
    0.2222         0         0
         0         0    0.1111
    0.1111    0.1111    0.1111
    0.3333         0         0
    0.2222         0         0
    0.3750    0.1111         0


reshaped_participant_data_matrix =

    0.6875    0.5431
    0.6907    0.5302
    0.6056    0.5069
    0.6377    0.5000
    0.6246    0.5194
    0.6389    0.5623
    0.5958    0.4986
    0.6069    0.5764
    0.5948    0.5306
    0.6542    0.5347
    0.5315    0.4125
    0.7667    0.7097
    0.6335    0.5708
    0.6292    0.5917
    0.6458    0.5264
    0.6639    0.5639
    0.5621    0.4903
    0.5833    0.5208
    0.6431    0.5181
    0.6978    0.5107


p_value_interaction =

   1.0000e-04


p_value_main_effect_model =

   1.0000e-04

linf_adversarial_vs_linf_random_kell2018_waveform Full ANOVA
                                     SumSq     DF      MeanSq        F         pValue       pValueGG      pValueHF      pValueLB     partial_etaSquared
                                    _______    ___    _________    ______    __________    __________    __________    __________    __________________

    (Intercept)                      137.02      1       137.02    2708.3     5.846e-22     5.846e-22     5.846e-22     5.846e-22             NaN      
    Error                           0.96121     19      0.05059                                                                               NaN      
    (Intercept):layer                37.265      9       4.1405    224.86    7.0157e-90    6.7473e-62    7.0157e-90    5.5333e-12         0.92209      
    Error(layer)                     3.1487    171     0.018413                                                                               NaN      
    (Intercept):model_type          0.97672      1      0.97672    114.57     1.741e-09     1.741e-09     1.741e-09     1.741e-09         0.85775      
    Error(model_type)               0.16198     19    0.0085253                                                                               NaN      
    (Intercept):layer:model_type    0.67352      9     0.074835     5.591    9.2789e-07    0.00014728    1.1564e-05      0.028852         0.22736      
    Error(layer:model_type)          2.2888    171     0.013385                                                                               NaN      

F(model) main effect: 114.5677
p_value main effect : 0.0001
F(model, stage) interaction: 5.591
p_value interaction : 0.0001
