######### | Auditory Networks: Robust CochCNN9 (kel2018) Experiment - l2_adversarial_vs_l2_random_kell2018_waveform | #########
NUM_PERMUTATIONS = 10000
MODELS_INCLUDED_IN_ANOVA: kell2018_l2_1_robust_waveform, kell2018_l2_1_random_step_waveform

model_idx =

     2     3


anova_comparison_data_matrix(:,:,1) =

  Columns 1 through 7

    0.7778    0.8889    1.0000    0.8889    0.7778    0.7778    0.4444
    1.0000    1.0000    0.7778    0.8889    0.8889    0.7778    0.8750
    0.8889    0.7778    1.0000    0.6250    0.7778    0.5000    0.6250
    0.7778    0.8889    0.7778    0.8889    0.6667    0.7778    0.8889
    0.6667    0.7778    1.0000    0.7778    0.7778    0.7778    0.7778
    0.8750    0.7778    0.8750    0.8889    0.7500    0.7778    0.5556
    0.7778    0.8889    0.8750    0.4444    0.7778    0.6250    0.8889
    1.0000    0.5556    0.6667    0.7778    0.6250    0.7778    0.7778
    0.7778    0.8889    0.8889    0.7778    0.6667    0.4444    0.6667
    1.0000    0.8889    1.0000    0.8889    0.7778    0.8889    0.3750
    0.5556    0.8889    0.6250    0.8889    0.4444    0.7778    0.6250
    1.0000    1.0000    1.0000    0.8889    0.7778    0.6667    0.7143
    1.0000    0.6667    1.0000    0.6667    1.0000    0.6667    0.8750
    0.7500    1.0000    1.0000    1.0000    0.8889    1.0000    0.6250
    1.0000    1.0000    0.8889    0.7778    0.8889    0.7778    1.0000
    0.7500    0.8889    0.7778    1.0000    0.8889    0.8750    0.7778
    0.8750    0.8889    1.0000    0.7778    1.0000    0.8750    1.0000
    0.8750    0.7778    0.4444    1.0000    0.7778    0.8750    0.7778
    0.8750    0.7778    0.8889    0.7778    0.7500    0.8889    0.8571
    0.7778    0.7778    0.7778    0.8889    0.8889    0.6667    0.7500

  Columns 8 through 10

    0.5556    0.1250    0.2222
    0.5556    0.1111    0.2222
    0.7778    0.1111    0.2222
    0.5556    0.4444         0
    0.6667    0.2500         0
    0.6667    0.1111    0.1111
    0.4444    0.2500    0.2222
    0.6667    0.3750    0.1250
    0.7778    0.8750    0.2500
    0.5000    0.5000    0.2500
    0.3333    0.2500         0
    0.7500    0.3333    0.2500
    0.7500    0.2222         0
    0.4444    0.4444    0.1111
    0.3750    0.1250         0
    0.6667    0.3750         0
    0.2222    0.3750    0.1111
    0.5556    0.2500    0.1250
    0.3333    0.2222    0.1429
    0.7778    0.3750    0.3333


anova_comparison_data_matrix(:,:,2) =

  Columns 1 through 7

    0.7778    0.8889    1.0000    0.7500    0.3750    0.5556    0.5000
    1.0000    1.0000    0.8750    0.8889    0.8889    0.6667    0.3750
    0.8889    0.7778    0.8750    0.7143    0.6667    0.6667    0.2222
    0.7778    0.8750    0.6667    0.7500    0.8889    0.7778    0.1111
    0.6667    0.8750    1.0000    0.7778    0.7778    0.3750    0.4444
    0.8750    1.0000    1.0000    1.0000    0.3750    0.4444    0.4444
    0.7778    0.8889    1.0000    1.0000    0.7500    0.5000    0.2222
    1.0000    0.8889    0.7778    0.8889    0.3750    0.5000    0.2222
    0.7778    0.8889    0.8750    0.7778    0.5556    0.2222    0.4444
    1.0000    1.0000    0.6667    0.7778    0.7500    0.5556    0.4444
    0.5556    0.8750    0.6667    0.8889    0.2500    0.4444    0.2222
    1.0000    1.0000    0.8750    1.0000    0.8889    0.4444    0.4444
    1.0000    1.0000    0.7778    0.8889    0.6667    0.4444    0.2222
    0.7500    1.0000    0.8750    0.7500    0.7500    0.7778    0.6667
    1.0000    0.8889    0.6667    0.7500    0.7778    0.5000    0.2500
    0.7500    1.0000    1.0000    0.8889    0.7778    0.5556    0.4444
    0.8750    0.8889    0.7778    0.6250    0.5556    0.4444    0.1111
    0.8750    0.5556    0.7500    0.7778    0.7778    0.4444    0.1250
    0.8750    1.0000    1.0000    1.0000    0.7778    0.8750    0.2222
    0.7778    0.8889    1.0000    1.0000    0.7778    0.6667    0.6667

  Columns 8 through 10

    0.3750    0.2222    0.1250
    0.2222    0.1429         0
    0.3333    0.1111         0
         0    0.1250         0
    0.3333    0.1111    0.2222
    0.2500         0    0.1111
         0    0.1111    0.2222
    0.3750    0.1111         0
    0.1111         0         0
    0.1111         0         0
         0         0         0
    0.3333         0         0
         0         0         0
    0.4444         0    0.1111
    0.1111    0.1250         0
    0.1250         0    0.2222
    0.2500         0         0
         0         0         0
    0.2222    0.1111    0.2500
    0.1111         0         0


reshaped_participant_data_matrix =

    0.6458    0.5569
    0.7097    0.6060
    0.6306    0.5256
    0.6667    0.4972
    0.6472    0.5583
    0.6389    0.5500
    0.6194    0.5472
    0.6347    0.5139
    0.7014    0.4653
    0.7069    0.5306
    0.5389    0.3903
    0.7381    0.5986
    0.6847    0.5000
    0.7264    0.6125
    0.6833    0.5069
    0.7000    0.5764
    0.7125    0.4528
    0.6458    0.4306
    0.6514    0.6333
    0.7014    0.5889


p_value_interaction =

   1.0000e-04


p_value_main_effect_model =

   1.0000e-04

l2_adversarial_vs_l2_random_kell2018_waveform Full ANOVA
                                     SumSq     DF      MeanSq       F         pValue       pValueGG      pValueHF      pValueLB     partial_etaSquared
                                    _______    ___    ________    ______    __________    __________    __________    __________    __________________

    (Intercept)                       144.3      1       144.3    3182.3    1.2752e-22    1.2752e-22    1.2752e-22    1.2752e-22             NaN      
    Error                           0.86156     19    0.045345                                                                               NaN      
    (Intercept):layer                30.452      9      3.3836    176.47    1.0649e-81    2.1673e-53    3.2394e-78    4.5672e-11          0.9028      
    Error(layer)                     3.2786    171    0.019173                                                                               NaN      
    (Intercept):model_type           1.8805      1      1.8805    107.33    2.9676e-09    2.9676e-09    2.9676e-09    2.9676e-09          0.8496      
    Error(model_type)               0.33289     19    0.017521                                                                               NaN      
    (Intercept):layer:model_type     2.5338      9     0.28153    16.349     3.402e-19     4.761e-12    2.9067e-16    0.00069398          0.4625      
    Error(layer:model_type)          2.9447    171     0.01722                                                                               NaN      

F(model) main effect: 107.3328
p_value main effect : 0.0001
F(model, stage) interaction: 16.3486
p_value interaction : 0.0001
