######### | Auditory Networks: Robust CochCNN9 (kel2018) Experiment - l2_adversarial_vs_standard_kell2018_waveform | #########
NUM_PERMUTATIONS = 10000
MODELS_INCLUDED_IN_ANOVA: kell2018, kell2018_l2_1_robust_waveform

model_idx =

     1     2


anova_comparison_data_matrix(:,:,1) =

  Columns 1 through 7

    0.7778    1.0000    0.8889    0.8889    0.5000    1.0000    0.1250
    1.0000    1.0000    1.0000    1.0000    0.7143    0.3750    0.4444
    0.8889    0.7778    0.6667    0.8889    0.8750    0.8750    0.3333
    0.7778    1.0000    1.0000    0.7778    0.7778    0.7500    0.5556
    0.6667    0.8750    0.6667    1.0000    0.6667    0.5556    0.2222
    0.8750    0.8750    0.8889    0.5714    0.8750    0.6667    0.2500
    0.7778    0.8571    0.8889    0.8750    0.6667    0.6667    0.5000
    1.0000    0.8889    1.0000    0.6667    0.7500    0.3333    0.2222
    0.7778    1.0000    0.8889    0.8750    0.4444    0.3750    0.4444
    1.0000    0.7500    0.8750    0.7500    0.7778    0.5556    0.5556
    0.5556    0.3750    1.0000    0.8571    0.4444    0.5556    0.3750
    1.0000    0.8750    1.0000    0.7778    0.7778    0.7778    0.6667
    1.0000    1.0000    0.6250    0.7778    0.7778    0.8889    0.4444
    0.7500    0.7778    0.8889    1.0000    0.6667    0.6667    0.5556
    1.0000    1.0000    0.8889    0.8750    0.7778    0.4444    0.3333
    0.7500    1.0000    0.8889    0.7500    0.7778    0.7500    0.3333
    0.8750    1.0000    0.6667    0.8750    0.7778    0.7778    0.2222
    0.8750    0.5556    0.6250    1.0000    0.5000    0.4444    0.2500
    0.8750    0.6667    1.0000    0.7778    0.6667    0.4444    0.3750
    0.7778    1.0000    0.8889    0.7778    0.4444    0.6667    0.6667

  Columns 8 through 10

    0.1111    0.1111         0
    0.3333    0.2222         0
         0    0.1111    0.3333
         0         0         0
    0.3333         0    0.1111
    0.3333    0.2222         0
    0.1111         0         0
         0    0.2222         0
    0.1111         0         0
    0.2222         0         0
         0         0         0
    0.5000         0    0.1111
         0    0.1111         0
    0.3333    0.1111         0
    0.1250    0.1111         0
    0.3750         0         0
         0    0.2222         0
    0.1111         0         0
    0.1111         0         0
    0.1250    0.1111    0.1429


anova_comparison_data_matrix(:,:,2) =

  Columns 1 through 7

    0.7778    0.8889    1.0000    0.8889    0.7778    0.7778    0.4444
    1.0000    1.0000    0.7778    0.8889    0.8889    0.7778    0.8750
    0.8889    0.7778    1.0000    0.6250    0.7778    0.5000    0.6250
    0.7778    0.8889    0.7778    0.8889    0.6667    0.7778    0.8889
    0.6667    0.7778    1.0000    0.7778    0.7778    0.7778    0.7778
    0.8750    0.7778    0.8750    0.8889    0.7500    0.7778    0.5556
    0.7778    0.8889    0.8750    0.4444    0.7778    0.6250    0.8889
    1.0000    0.5556    0.6667    0.7778    0.6250    0.7778    0.7778
    0.7778    0.8889    0.8889    0.7778    0.6667    0.4444    0.6667
    1.0000    0.8889    1.0000    0.8889    0.7778    0.8889    0.3750
    0.5556    0.8889    0.6250    0.8889    0.4444    0.7778    0.6250
    1.0000    1.0000    1.0000    0.8889    0.7778    0.6667    0.7143
    1.0000    0.6667    1.0000    0.6667    1.0000    0.6667    0.8750
    0.7500    1.0000    1.0000    1.0000    0.8889    1.0000    0.6250
    1.0000    1.0000    0.8889    0.7778    0.8889    0.7778    1.0000
    0.7500    0.8889    0.7778    1.0000    0.8889    0.8750    0.7778
    0.8750    0.8889    1.0000    0.7778    1.0000    0.8750    1.0000
    0.8750    0.7778    0.4444    1.0000    0.7778    0.8750    0.7778
    0.8750    0.7778    0.8889    0.7778    0.7500    0.8889    0.8571
    0.7778    0.7778    0.7778    0.8889    0.8889    0.6667    0.7500

  Columns 8 through 10

    0.5556    0.1250    0.2222
    0.5556    0.1111    0.2222
    0.7778    0.1111    0.2222
    0.5556    0.4444         0
    0.6667    0.2500         0
    0.6667    0.1111    0.1111
    0.4444    0.2500    0.2222
    0.6667    0.3750    0.1250
    0.7778    0.8750    0.2500
    0.5000    0.5000    0.2500
    0.3333    0.2500         0
    0.7500    0.3333    0.2500
    0.7500    0.2222         0
    0.4444    0.4444    0.1111
    0.3750    0.1250         0
    0.6667    0.3750         0
    0.2222    0.3750    0.1111
    0.5556    0.2500    0.1250
    0.3333    0.2222    0.1429
    0.7778    0.3750    0.3333


reshaped_participant_data_matrix =

    0.5403    0.6458
    0.6089    0.7097
    0.5750    0.6306
    0.5639    0.6667
    0.5097    0.6472
    0.5558    0.6389
    0.5343    0.6194
    0.5083    0.6347
    0.4917    0.7014
    0.5486    0.7069
    0.4163    0.5389
    0.6486    0.7381
    0.5625    0.6847
    0.5750    0.7264
    0.5556    0.6833
    0.5625    0.7000
    0.5417    0.7125
    0.4361    0.6458
    0.4917    0.6514
    0.5601    0.7014


p_value_interaction =

   1.0000e-04


p_value_main_effect_model =

   1.0000e-04

l2_adversarial_vs_standard_kell2018_waveform Full ANOVA
                                     SumSq     DF      MeanSq        F         pValue       pValueGG      pValueHF      pValueLB     partial_etaSquared
                                    _______    ___    _________    ______    __________    __________    __________    __________    __________________

    (Intercept)                      146.05      1       146.05    3451.2    5.9249e-23    5.9249e-23    5.9249e-23    5.9249e-23             NaN      
    Error                           0.80406     19     0.042319                                                                               NaN      
    (Intercept):layer                30.649      9       3.4054     169.4    2.4498e-80    3.0346e-59    2.4498e-80    6.4928e-11         0.89915      
    Error(layer)                     3.4375    171     0.020102                                                                               NaN      
    (Intercept):model_type           1.6866      1       1.6866    210.28    9.9661e-12    9.9661e-12    9.9661e-12    9.9661e-12         0.91713      
    Error(model_type)                0.1524     19    0.0080211                                                                               NaN      
    (Intercept):layer:model_type     2.1065      9      0.23406    12.212    8.0507e-15    2.3221e-09    2.1062e-12      0.002425         0.39126      
    Error(layer:model_type)          3.2774    171     0.019166                                                                               NaN      

F(model) main effect: 210.2766
p_value main effect : 0.0001
F(model, stage) interaction: 12.212
p_value interaction : 0.0001
