######### | Visual Networks: IPCL AlexNet Models - IPCL_AlexNet | #########
NUM_PERMUTATIONS = 10000
MODELS_INCLUDED_IN_ANOVA: konkle_alexnetgn_ipcl_ref01_primary_model, konkle_alexnetgn_ipcl_ref12_supervised_ipcl_aug

model_idx =

     1     2


anova_comparison_data_matrix(:,:,1) =

  Columns 1 through 7

    0.8000    0.7143    0.6667    0.3333    0.3913    0.2857    0.2857
    1.0000    0.8636    0.6000    0.3500    0.5455    0.4545    0.2500
    0.8000    0.9048    0.6667    0.4545    0.2273    0.2727    0.4091
    0.9091    0.8636    0.5000    0.3182    0.3500    0.4545    0.3000
    0.9048    0.8095    0.6190    0.5455    0.8182    0.3636    0.4000
    0.6667    0.6500    0.5000    0.4762    0.3810    0.2273    0.3000
    0.9000    0.8095    0.9091    0.4286    0.5714    0.4286    0.2500
    0.6364    0.6500    0.6364    0.5789    0.2174    0.3333    0.3500
    0.7143    0.8571    0.6842    0.3636    0.3000    0.2857    0.2381
    1.0000    0.9565    0.7727    0.6190    0.3636    0.3182    0.3182
    0.9524    1.0000    0.7143    0.3636    0.4091    0.4762    0.4000
    0.9000    0.6364    0.6190    0.5238    0.3333    0.2500    0.1905
    0.9000    0.9000    0.7143    0.4762    0.5714    0.2917    0.1053
    0.7895    0.8947    0.7727    0.2273    0.4500    0.3810    0.1818
    0.6842    0.7143    0.5000    0.5238    0.4000    0.2857    0.2273
    0.8571    1.0000    0.7273    0.5500    0.4286    0.4545    0.3182
    0.9048    0.6364    0.5455    0.4762    0.4762    0.3333    0.3636
    0.9048    0.8095    0.8333    0.6364    0.2381    0.4545    0.3000
    0.7391    0.8421    0.7273    0.6190    0.3000    0.3333    0.3182
    0.9524    0.9524    0.7619    0.4762    0.5238    0.2609    0.2273
    0.8095    0.8095    0.8571    0.5455    0.3636    0.6000    0.3333
    0.9091    1.0000    0.7143    0.4091    0.5000    0.3182    0.1500
    0.9524    0.9500    0.9091    0.4286    0.4286    0.3500    0.3636

  Columns 8 through 10

    0.1000    0.0476         0
         0    0.0455    0.0952
    0.0500    0.0909         0
    0.0556    0.1500    0.0500
    0.1905    0.0455         0
    0.1053         0    0.1500
    0.1429    0.0909         0
    0.0909    0.2273    0.0476
    0.1429    0.0455    0.0476
    0.2500         0    0.0952
    0.2000    0.0952    0.1429
    0.0476    0.0500    0.1000
    0.3333    0.1818    0.0909
    0.2857    0.0909    0.0952
    0.0500    0.0952    0.0952
    0.1667    0.0476    0.1905
    0.1364    0.1364    0.0455
    0.0476    0.0909    0.0909
    0.0952    0.0952    0.1429
    0.1053    0.0476    0.0500
    0.0476    0.0500    0.0909
    0.0952    0.0952         0
    0.2632    0.0455    0.0909


anova_comparison_data_matrix(:,:,2) =

  Columns 1 through 7

    0.8000    0.8636    0.7273    0.6667    0.5000    0.5000    0.0952
    1.0000    0.7143    0.5000    0.4000    0.2857    0.2273    0.2000
    0.8000    0.8636    0.7619    0.1905    0.2381    0.2500    0.0455
    0.9091    0.8571    0.5455    0.2727    0.4762    0.0952    0.1500
    0.9048    0.8261    0.6818    0.4762    0.4286    0.3810    0.0476
    0.6667    0.7143    0.6364    0.5000    0.2381    0.3810    0.0455
    0.9000    0.9048    0.8000    0.4000    0.5238    0.2727    0.1818
    0.6364    0.8636    0.6818    0.2857    0.5000    0.2381    0.1364
    0.7143    0.9048    0.5000    0.3913    0.5000    0.4091    0.0500
    1.0000    0.9091    0.6316    0.3810    0.5263    0.2727    0.3684
    0.9524    0.9500    0.9091    0.6190    0.3810    0.3810    0.2727
    0.9000    0.6522    0.7143    0.2381    0.0909    0.2500    0.1364
    0.9000    0.8571    0.6190    0.4286    0.4545    0.3333    0.0500
    0.7895    0.7727    0.7727    0.5455    0.3500    0.5714    0.0952
    0.6842    0.9091    0.7273    0.2727    0.3810    0.3500    0.1818
    0.8571    0.8095    0.7143    0.4762    0.5238    0.5455    0.2381
    0.9048    0.9474    0.7143    0.6190    0.4762    0.4000    0.1364
    0.9048    0.9091    0.6190    0.4762    0.5714    0.3000    0.1500
    0.7391    0.8636    0.7222    0.5238    0.5000    0.3500    0.3182
    0.9524    0.9545    0.9048    0.5500    0.3500    0.4762    0.1818
    0.8095    0.7727    0.9000    0.4762    0.4000    0.1905    0.0952
    0.9091    0.9524    0.8500    0.5238    0.3158    0.2381    0.1429
    0.9524    0.7727    0.7500    0.4545    0.5238    0.3810         0

  Columns 8 through 10

    0.0476    0.1429    0.0952
    0.0500         0         0
         0    0.1429    0.0952
    0.0476    0.1364         0
         0    0.1000         0
    0.0455    0.0455    0.0476
    0.0455         0    0.0870
    0.2105         0    0.1111
    0.1818    0.0909    0.0526
    0.1905         0    0.0500
    0.0909         0    0.1905
         0    0.0455    0.0909
         0         0    0.0476
    0.1000    0.0909    0.0476
         0    0.0476    0.0455
    0.0952         0         0
    0.0500    0.0909         0
    0.0455    0.0909    0.1905
    0.1905    0.0455    0.1905
    0.1500    0.1364    0.1364
    0.0909         0         0
         0         0    0.0500
    0.1429    0.0952    0.0476


reshaped_participant_data_matrix =

    0.3625    0.4439
    0.4204    0.3377
    0.3876    0.3388
    0.3951    0.3490
    0.4697    0.3846
    0.3456    0.3320
    0.4531    0.4116
    0.3768    0.3664
    0.3679    0.3795
    0.4694    0.4330
    0.4754    0.4747
    0.3651    0.3118
    0.4565    0.3690
    0.4169    0.4136
    0.3576    0.3599
    0.4740    0.4260
    0.4054    0.4339
    0.4406    0.4257
    0.4212    0.4443
    0.4358    0.4792
    0.4507    0.3735
    0.4191    0.3982
    0.4782    0.4120


p_value_interaction =

    0.0018


p_value_main_effect_model =

    0.0168

IPCL_AlexNet Full ANOVA
                                     SumSq      DF      MeanSq        F         pValue        pValueGG      pValueHF       pValueLB     partial_etaSquared
                                    ________    ___    _________    ______    ___________    __________    ___________    __________    __________________

    (Intercept)                       76.367      1       76.367    2539.2     3.1722e-24    3.1722e-24     3.1722e-24    3.1722e-24             NaN      
    Error                            0.66167     22     0.030076                                                                                 NaN      
    (Intercept):layer                 38.482      9       4.2758    461.26    1.1192e-127    6.9522e-87    1.5223e-122    2.9902e-16         0.95448      
    Error(layer)                      1.8354    198    0.0092697                                                                                 NaN      
    (Intercept):model_type          0.064885      1     0.064885    6.6771       0.016934      0.016934       0.016934      0.016934         0.23284      
    Error(model_type)                0.21378     22    0.0097174                                                                                 NaN      
    (Intercept):layer:model_type     0.22323      9     0.024803    3.1341      0.0014926      0.012074      0.0055788      0.090527          0.1247      
    Error(layer:model_type)           1.5669    198    0.0079139                                                                                 NaN      

F(model) main effect: 6.6771
p_value main effect : 0.0168
F(model, stage) interaction: 3.1341
p_value interaction : 0.0018
