######### | Visual Networks: Stylized ImageNet Trained Networks - StylizedImageNet_ResNet50 | #########
NUM_PERMUTATIONS = 10000
MODELS_INCLUDED_IN_ANOVA: resnet50, texture_shape_resnet50_trained_on_SIN

model_idx =

     1     2


anova_comparison_data_matrix(:,:,1) =

    0.8667    1.0000    1.0000    0.9231    0.6923    0.1538    0.4615    0.1538
    0.9286    0.9231    0.9231    0.8462    0.8462    0.3077    0.2308    0.2308
    0.9231    1.0000    1.0000    1.0000    0.9231    0.2308    0.0769    0.0769
    1.0000    0.8462    1.0000    1.0000    0.7692    0.2308    0.3077    0.0769
    0.7692    0.9231    0.9231    0.7692    0.8462    0.1667    0.0769    0.2308
    0.9286    0.7692    0.6923    0.7692    0.7692    0.1538    0.0769    0.0833
    0.9231    0.9167    1.0000    0.8462    0.7692    0.2308    0.0769    0.1538
    0.9286    0.9231    0.8462    1.0000    0.8462    0.3077    0.0769    0.1538
    0.9333    1.0000    0.9231    1.0000    0.7692    0.3333    0.2308    0.0769
    0.8667    0.8462    0.9231    0.8462    0.7692    0.0769    0.0769    0.1538
    0.6667    0.3077    0.3846    0.5385    0.3846         0         0    0.0833
    0.8750    0.7692    0.9231    1.0000    0.4615    0.3846    0.0769    0.0769
    0.9333    0.9167    1.0000    1.0000    0.9231    0.0769         0         0
    0.6429    0.9231    0.6923    0.5000    1.0000    0.2308    0.2308    0.2308
    1.0000    1.0000    1.0000    1.0000    0.8462    0.3077         0    0.0769
    0.9231    0.8462    0.8462    0.5833    0.8462    0.0769         0         0
    0.9231    0.9231    1.0000    0.8462    0.9231         0    0.1667         0
    0.8462    0.9167    1.0000    1.0000    0.9231    0.1538    0.0769    0.0769
    0.8000    0.7692    1.0000    0.9231    0.9231    0.1538    0.0769    0.1538
    0.7857    0.8462    0.7500    1.0000    0.6154    0.3846         0         0
    0.8571    0.7692    0.7692    1.0000    0.6154    0.3077         0         0


anova_comparison_data_matrix(:,:,2) =

    0.8667    1.0000    1.0000    1.0000    0.8462    0.4615    0.2308    0.2308
    0.9286    0.8462    1.0000    1.0000    0.8333    0.1538    0.2308         0
    0.9231    0.8462    1.0000    1.0000    0.9167    0.2308    0.1667    0.0769
    1.0000    0.9231    1.0000    1.0000    0.8462    0.0769    0.2308    0.0769
    0.7692    0.7692    0.6923    0.8462    0.9231    0.1667    0.1538    0.0769
    0.9286    0.8462    0.8462    0.9231    0.6923    0.2308         0         0
    0.9231    0.9231    0.8462    1.0000    1.0000    0.1538    0.1538    0.0833
    0.9286    0.8462    0.9231    0.8462    0.6923    0.1538    0.0833         0
    0.9333    1.0000    0.9231    1.0000    0.9231    0.3077    0.1538    0.1538
    0.8667    0.8333    0.9231    0.7692    0.9231    0.1538         0    0.0769
    0.6667    0.3846    0.4615    0.6154    0.3846         0         0    0.0769
    0.8750    0.8462    0.8333    0.9231    0.8333    0.2308    0.0769    0.1538
    0.9333    0.7692    0.6923    0.9231    0.5833    0.0769    0.1538         0
    0.6429    0.9231    0.9231    0.9231    0.9167    0.2308    0.1538    0.2308
    1.0000    0.8333    1.0000    0.8462    0.8462    0.3077    0.1538    0.0769
    0.9231    0.6923    0.8462    0.7692    0.6923    0.0769    0.0769    0.0769
    0.9231    0.9231    0.9231    0.7692    0.7692    0.2308    0.3077    0.1538
    0.8462    1.0000    1.0000    0.9231    0.8462    0.4167         0    0.1538
    0.8000    1.0000    0.8462    0.9231    0.6923    0.3333    0.1538    0.2308
    0.7857    0.8462    0.8462    0.9167    0.8462    0.2308         0         0
    0.8571    0.9231    0.8462    0.9231    0.9231    0.2308    0.0833    0.0769


reshaped_participant_data_matrix =

    0.6564    0.7045
    0.6545    0.6241
    0.6538    0.6450
    0.6538    0.6442
    0.5881    0.5497
    0.5303    0.5584
    0.6146    0.6354
    0.6353    0.5592
    0.6583    0.6744
    0.5699    0.5683
    0.2957    0.3237
    0.5709    0.5966
    0.6062    0.5165
    0.5563    0.6180
    0.6538    0.6330
    0.5152    0.5192
    0.5978    0.6250
    0.6242    0.6482
    0.6000    0.6224
    0.5477    0.5590
    0.5398    0.6079


p_value_interaction =

    0.9793


p_value_main_effect_model =

    0.5462

StylizedImageNet_ResNet50 Full ANOVA
                                      SumSq      DF      MeanSq         F         pValue       pValueGG      pValueHF      pValueLB     partial_etaSquared
                                    _________    ___    _________    _______    __________    __________    __________    __________    __________________

    (Intercept)                        116.73      1       116.73     1216.7    2.1727e-19    2.1727e-19    2.1727e-19    2.1727e-19              NaN     
    Error                              1.9189     20     0.095944                                                                                 NaN     
    (Intercept):layer                  41.147      7       5.8782     470.27    6.5323e-94    1.3419e-56    1.5723e-72    2.2917e-15          0.95921     
    Error(layer)                       1.7499    140       0.0125                                                                                 NaN     
    (Intercept):model_type          0.0022954      1    0.0022954    0.35942       0.55556       0.55556       0.55556       0.55556         0.017654     
    Error(model_type)                 0.12773     20    0.0063863                                                                                 NaN     
    (Intercept):layer:model_type     0.011923      7    0.0017033    0.22513       0.97884       0.93023       0.95966        0.6403         0.011131     
    Error(layer:model_type)            1.0592    140    0.0075658                                                                                 NaN     

F(model) main effect: 0.35942
p_value main effect : 0.5462
F(model, stage) interaction: 0.22513
p_value interaction : 0.9793
