######### | Visual Networks: Stylized ImageNet Trained Networks - StylizedImageNet_AlexNet | #########
NUM_PERMUTATIONS = 10000
MODELS_INCLUDED_IN_ANOVA: alexnet, texture_shape_alexnet_trained_on_SIN

model_idx =

     1     2


anova_comparison_data_matrix(:,:,1) =

    0.8667    0.9231    0.7692    0.4615    0.3333    0.3846    0.1538    0.0769    0.0769
    0.9286    0.9231    0.8462    0.6154    0.4167    0.2308    0.1818    0.2308    0.0769
    0.9231    1.0000    0.8462    0.6154    0.6154    0.0769    0.0769         0         0
    1.0000    0.9231    0.7273    0.6923    0.6923    0.0769    0.0769    0.0769         0
    0.7692    0.9167    0.5385    0.3077    0.3077    0.2308         0    0.0769         0
    0.9286    0.7692    0.8462    0.2500    0.3077    0.1538    0.1538    0.0769    0.1538
    0.9231    1.0000    0.6923    0.5385    0.4615         0    0.0769    0.0833    0.1538
    0.9286    1.0000    0.8333    0.6923    0.3846    0.3077         0         0    0.0769
    0.9333    1.0000    0.6923    0.3077    0.4615    0.0769         0         0    0.0833
    0.8667    0.9167    0.8462    0.5833    0.2308    0.0769    0.0769    0.0833    0.0769
    0.6667    0.3846    0.2308    0.1538    0.2308    0.2308    0.1667         0    0.0769
    0.8750    1.0000    0.7692    0.0769    0.3077    0.0769    0.0769    0.0769         0
    0.9333    0.9231    0.4615    0.2308    0.0833    0.0769    0.0833         0         0
    0.6429    0.9231    0.6667    0.2308    0.3846    0.2308    0.0769    0.0769    0.2308
    1.0000    0.9231    0.7692    0.2308    0.1538    0.1538    0.0769    0.0769    0.0833
    0.9231    0.7692    0.5385    0.3846    0.3846    0.3077    0.3077         0    0.0769
    0.9231    0.7692    0.7500    0.4615    0.3846    0.2500         0         0    0.2308
    0.8462    0.8462    0.6923    0.6154    0.2308    0.2308    0.0769         0    0.0769
    0.8000    1.0000    0.6923    0.3846    0.4615    0.1667    0.0833    0.0769    0.1667
    0.7857    0.6923    0.2500    0.0769    0.1538    0.2308         0         0    0.0769
    0.8571    1.0000    0.5455    0.4615    0.3077    0.2308         0    0.1538    0.0769


anova_comparison_data_matrix(:,:,2) =

    0.8667    0.9231    0.9231    0.6154    0.4615    0.4167    0.1538         0    0.1667
    0.9286    0.9231    0.7692    0.4615    0.5385    0.3077         0    0.1538    0.0769
    0.9231    1.0000    0.9167    0.5385    0.6154    0.3846         0         0    0.1538
    1.0000    0.9167    0.7500    0.5385    0.3846    0.3077    0.0769    0.0769         0
    0.7692    0.9231    0.5385    0.5385    0.3077    0.1538    0.0769    0.0769         0
    0.9286    0.9231    0.5385    0.6923    0.4615    0.0769    0.3077    0.0769         0
    0.9231    1.0000    0.7692    0.5385    0.1538    0.1538         0    0.2308    0.1538
    0.9286    0.8333    0.6667    0.5385    0.1538    0.2308         0    0.0769    0.0769
    0.9333    1.0000    0.9167    0.3077    0.3846    0.1538    0.0833    0.0769    0.0833
    0.8667    0.9231    0.7500    0.5385    0.3077    0.1538    0.0769    0.0769    0.0769
    0.6667    0.3846    0.2308    0.2308    0.0769    0.0769    0.2308         0    0.0769
    0.8750    0.7692    0.8333    0.3846    0.1538    0.0769         0         0         0
    0.9333    0.9231    0.3846    0.0769    0.0769    0.1538    0.0769    0.1538    0.0769
    0.6429    0.7692    0.6154    0.5833    0.2308    0.2308    0.0769    0.1538    0.0769
    1.0000    0.7692    0.9167    0.4615    0.4615    0.1538         0    0.0769    0.2308
    0.9231    0.9231    0.6154    0.3333    0.1538         0         0    0.0769         0
    0.9231    0.9231    0.8462    0.3846    0.2308    0.2308    0.0769    0.0769         0
    0.8462    0.7692    0.7692    0.5385    0.4615    0.1538         0    0.1667    0.0769
    0.8000    0.9231    0.6154    0.5000    0.6154    0.1538    0.0769    0.0769         0
    0.7857    0.7692    0.5385    0.2308         0    0.0769    0.1538    0.0769    0.0769
    0.8571    0.9231    0.6667    0.3846    0.3846    0.0769    0.0769    0.0769    0.0769


reshaped_participant_data_matrix =

    0.4496    0.5030
    0.4945    0.4621
    0.4615    0.5036
    0.4740    0.4501
    0.3497    0.3761
    0.4045    0.4451
    0.4366    0.4359
    0.4693    0.3895
    0.3950    0.4377
    0.4175    0.4189
    0.2379    0.2194
    0.3622    0.3437
    0.3103    0.3174
    0.3848    0.3756
    0.3853    0.4523
    0.4103    0.3362
    0.4188    0.4103
    0.4017    0.4202
    0.4258    0.4179
    0.2518    0.3010
    0.4037    0.3915


p_value_interaction =

    0.4870


p_value_main_effect_model =

    0.7354

StylizedImageNet_AlexNet Full ANOVA
                                      SumSq       DF       MeanSq         F         pValue       pValueGG      pValueHF      pValueLB     partial_etaSquared
                                    __________    ___    __________    _______    __________    __________    __________    __________    __________________

    (Intercept)                         60.136      1        60.136     796.18    1.3909e-17    1.3909e-17    1.3909e-17    1.3909e-17              NaN     
    Error                               1.5106     20       0.07553                                                                                 NaN     
    (Intercept):layer                   37.749      8        4.7186     261.77    9.1029e-88     1.594e-42    5.6969e-53    5.9132e-13          0.92902     
    Error(layer)                        2.8841    160      0.018026                                                                                 NaN     
    (Intercept):model_type          0.00084357      1    0.00084357    0.12328       0.72917       0.72917       0.72917       0.72917        0.0061264     
    Error(model_type)                  0.13685     20     0.0068426                                                                                 NaN     
    (Intercept):layer:model_type      0.059908      8     0.0074885    0.94894       0.47813       0.45135       0.46805       0.34163         0.045298     
    Error(layer:model_type)             1.2626    160     0.0078915                                                                                 NaN     

F(model) main effect: 0.12328
p_value main effect : 0.7354
F(model, stage) interaction: 0.94894
p_value interaction : 0.487
