######### | Auditory Networks: Robust CochCNN9 (kell2018) Experiment, Cochleagram Adversaries - l2_1_adversarial_waveform_vs_l2_p5_adversarial_cochleagram_kell2018 | #########
NUM_PERMUTATIONS = 10000
MODELS_INCLUDED_IN_ANOVA: kell2018_l2_p5_robust_cochleagram, kell2018_l2_1_robust_waveform

model_idx =

     3     5


anova_comparison_data_matrix(:,:,1) =

    0.6250    0.8889    0.8571    0.6667    0.5000    0.8889    0.3750    0.3333    0.5000    0.1111
    1.0000    0.8889    0.8889    1.0000    1.0000    1.0000    0.7500    0.6667    0.4444    0.2222
    0.8889    0.8889    0.5714    0.7778    0.7500    1.0000    0.6667    0.7500    0.7500    0.2500
    0.8889    1.0000    1.0000    0.7778    0.7778    1.0000    0.8750    0.7778    0.3333    0.1111
    0.3333    0.1111    0.4286    0.3750    0.4444    0.6250    0.4444    0.5556    0.2500    0.1111
    0.7500    1.0000    0.8889    1.0000    0.6667    0.8750    1.0000    0.8889    0.5000    0.3333
    0.7500    0.7778    0.8889    0.8889    0.8889    1.0000    0.7778    0.5556    0.3333         0
    0.8889    0.8750    1.0000    0.8889    0.8889    1.0000    0.6667    1.0000         0    0.5556
    0.3333    0.7500    0.7143    0.3333    0.2222         0    0.4444    0.2222    0.2222         0
    0.8889    1.0000    0.8750    0.8889    0.8889    0.8750    0.8750    0.7778    0.5556    0.1111
    0.5556    0.7778    0.6250    0.5556    1.0000    0.8750    0.7778    0.4444    0.3333    0.1250
    0.7500    0.7500    0.5000    0.5714    0.8750    0.7500    0.5556    0.3333    0.2500         0
    0.7500    0.7778    0.7778    1.0000    0.8889    0.6667    0.5556    0.1250    0.1111    0.2500
    0.8889    1.0000    1.0000    1.0000    0.8750    0.7778    0.6667    0.7778    0.5556    0.2500
    1.0000    0.8889    0.7778    0.8750    0.5000    0.7778    0.6667    0.7778    0.6250    0.1111
    0.4444    0.6667    0.7500    0.7778    0.8889    0.8889    0.4444    0.5556    0.5556    0.1111
    0.7500    0.8889    0.8750    0.8889    0.6667    0.7778    0.6667    0.6667    0.3750    0.4444
    0.8889    1.0000    1.0000    0.8889    0.6667    0.8889    0.8889    0.6250    0.2222         0
    1.0000    0.7778    1.0000    0.7778    0.8750    0.7778    0.6250    0.6667    0.2222    0.2500
    1.0000    0.6667    0.7143    0.8750    0.5556    0.7500    0.8750    0.6667    0.1111    0.1250


anova_comparison_data_matrix(:,:,2) =

    0.6250    0.7778    0.5556    0.2500    0.8889    0.5556    0.6667    0.2500    0.2500    0.1111
    1.0000    1.0000    0.7778    1.0000    0.7500    1.0000    1.0000    0.7778    0.2222    0.3333
    0.8889    0.6667    0.6667    1.0000    0.7778    0.8889    0.7500    0.5556    0.3333    0.1111
    0.8889    1.0000    0.8889    1.0000    1.0000    1.0000    0.7778    0.6667         0    0.2500
    0.3333    0.4444    0.2222    0.4444    0.6250    0.3750    0.5556    0.4444    0.2222    0.1111
    0.7500    0.8889    1.0000    0.8889    0.8889    0.7500    0.6667    0.7778         0         0
    0.7500    0.7778    1.0000    1.0000    0.7500    0.7778    0.7500    0.6250    0.1111    0.2222
    0.8889    0.7778    0.8750    0.7778    0.8889    0.8889    0.8889    0.6667    0.3333    0.1429
    0.3333    0.3750    0.3333    0.3750    0.4444    0.4444    0.2500    0.2222         0         0
    0.8889    1.0000    1.0000    1.0000    0.8750    0.8889    0.7500    0.8889    0.6667    0.1111
    0.5556    0.6667    0.8889    0.8889    1.0000    0.6250    0.6667    0.6667    0.2500         0
    0.7500    0.3333    0.2222    0.7500    0.5000    0.2500    0.2222    0.3333         0         0
    0.7500    1.0000    0.7500    0.5556    1.0000    0.6250    0.6667    0.3750    0.4444    0.2500
    0.8889    0.8750    0.7778    1.0000    0.7778    0.7500    0.7778    0.8889    0.3333    0.1111
    1.0000    0.8889    1.0000    0.8750    0.7500    1.0000    0.7778    0.3750         0         0
    0.4444    0.8889    0.8889    0.7778    1.0000    0.6250    0.5556    0.2222    0.1429    0.1429
    0.7500    0.7778    0.7778    0.5000    0.5556    1.0000    0.5556    0.4444    0.3333    0.1250
    0.8889    1.0000    0.6250    1.0000    1.0000    0.8889    1.0000    0.4444    0.1111    0.2222
    1.0000    0.8889    0.8750    0.8889    0.6667    0.6667    0.6250    0.5556    0.3750    0.2222
    1.0000    0.7778    1.0000    0.8889    0.7500    0.8889    0.6667    0.5556    0.5556    0.2857


reshaped_participant_data_matrix =

    0.5746    0.4931
    0.7861    0.7861
    0.7294    0.6639
    0.7542    0.7472
    0.3679    0.3778
    0.7903    0.6611
    0.6861    0.6764
    0.7764    0.7129
    0.3242    0.2778
    0.7736    0.8069
    0.6069    0.6208
    0.5335    0.3361
    0.5903    0.6417
    0.7792    0.7181
    0.7000    0.6667
    0.6083    0.5688
    0.7000    0.5819
    0.7069    0.7181
    0.6972    0.6764
    0.6339    0.7369


p_value_interaction =

    0.2319


p_value_main_effect_model =

    0.0403

l2_1_adversarial_waveform_vs_l2_p5_adversarial_cochleagram_kell2018 Full ANOVA
                                     SumSq     DF      MeanSq       F         pValue       pValueGG      pValueHF      pValueLB     partial_etaSquared
                                    _______    ___    ________    ______    __________    __________    __________    __________    __________________

    (Intercept)                      163.68      1      163.68    449.22    1.1064e-14    1.1064e-14    1.1064e-14    1.1064e-14              NaN     
    Error                            6.9231     19     0.36437                                                                                NaN     
    (Intercept):layer                19.168      9      2.1298    79.539    1.9679e-56    5.1308e-38    5.4307e-56    3.2167e-08          0.80718     
    Error(layer)                     4.5788    171    0.026776                                                                                NaN     
    (Intercept):model_type          0.10575      1     0.10575    4.6021       0.04507       0.04507       0.04507       0.04507          0.19499     
    Error(model_type)               0.43661     19    0.022979                                                                                NaN     
    (Intercept):layer:model_type    0.22772      9    0.025302    1.3179       0.23075       0.25506       0.23075       0.26522         0.064864     
    Error(layer:model_type)           3.283    171    0.019199                                                                                NaN     

F(model) main effect: 4.6021
p_value main effect : 0.0403
F(model, stage) interaction: 1.3179
p_value interaction : 0.2319
