######### | Auditory Networks: Robust CochCNN9 (kell2018) Experiment, Cochleagram Adversaries - l2_p5_adversarial_vs_standard_kell2018_cochleagram | #########
NUM_PERMUTATIONS = 10000
MODELS_INCLUDED_IN_ANOVA: kell2018, kell2018_l2_p5_robust_cochleagram

model_idx =

     1     3


anova_comparison_data_matrix(:,:,1) =

    0.6250    0.4444    0.6667    0.6250    0.5556    0.3333    0.3750    0.2222         0         0
    1.0000    1.0000    0.8750    0.8889    0.7778    0.7778    0.2500    0.6667         0    0.2500
    0.8889    1.0000    0.7778    0.5556    0.7500    0.5556    0.2222    0.3750    0.1250         0
    0.8889    0.8750    0.8571    1.0000    0.6667    0.5556    0.6667    0.1429         0         0
    0.3333    0.3750    0.2222    0.3750    0.4444    0.2222    0.2222    0.1111    0.1111    0.1111
    0.7500    1.0000    0.7778    0.8750    0.6667    0.5556    0.2500    0.1111         0         0
    0.7500    0.8750    0.6667    0.8889    0.6667    0.3333    0.1111    0.2222         0         0
    0.8889    0.7778    0.8889    1.0000    0.6667    0.5556    0.2222    0.2500    0.2222         0
    0.3333    0.3333    0.4444    0.4444    0.3750    0.4444         0         0         0         0
    0.8889    0.7778    0.6667    0.7778    0.7778    0.7778    0.2222    0.3333         0         0
    0.5556    0.8889    0.5556    0.7778    0.6250    0.6250    0.7778    0.3333         0         0
    0.7500    0.7778    0.7778    0.7778    0.4444    0.1111    0.1111    0.1111    0.2222         0
    0.7500    0.6667    0.8889    0.7778    0.6250    0.6667    0.4444    0.2222         0    0.1111
    0.8889    1.0000    0.7778    0.6667    0.6667    1.0000    0.4444    0.2500         0    0.1250
    1.0000    0.8889    0.7778    1.0000    0.8889    0.6667    0.2222    0.4444         0         0
    0.4444    0.5556    0.6667    0.6667    0.5556    0.3750    0.2222    0.4444    0.1250         0
    0.7500    0.8889    1.0000    0.8750    0.6667    0.4444    0.3333         0         0    0.1111
    0.8889    0.8750    0.7778    1.0000    0.6250    0.4444    0.5556    0.2222         0    0.2222
    1.0000    0.6250    1.0000    0.8889    0.7500    0.7778    0.2500    0.1111         0         0
    1.0000    0.5714    0.7143    0.8889    0.4444    0.4444    0.3333    0.3333         0         0


anova_comparison_data_matrix(:,:,2) =

    0.6250    0.8889    0.8571    0.6667    0.5000    0.8889    0.3750    0.3333    0.5000    0.1111
    1.0000    0.8889    0.8889    1.0000    1.0000    1.0000    0.7500    0.6667    0.4444    0.2222
    0.8889    0.8889    0.5714    0.7778    0.7500    1.0000    0.6667    0.7500    0.7500    0.2500
    0.8889    1.0000    1.0000    0.7778    0.7778    1.0000    0.8750    0.7778    0.3333    0.1111
    0.3333    0.1111    0.4286    0.3750    0.4444    0.6250    0.4444    0.5556    0.2500    0.1111
    0.7500    1.0000    0.8889    1.0000    0.6667    0.8750    1.0000    0.8889    0.5000    0.3333
    0.7500    0.7778    0.8889    0.8889    0.8889    1.0000    0.7778    0.5556    0.3333         0
    0.8889    0.8750    1.0000    0.8889    0.8889    1.0000    0.6667    1.0000         0    0.5556
    0.3333    0.7500    0.7143    0.3333    0.2222         0    0.4444    0.2222    0.2222         0
    0.8889    1.0000    0.8750    0.8889    0.8889    0.8750    0.8750    0.7778    0.5556    0.1111
    0.5556    0.7778    0.6250    0.5556    1.0000    0.8750    0.7778    0.4444    0.3333    0.1250
    0.7500    0.7500    0.5000    0.5714    0.8750    0.7500    0.5556    0.3333    0.2500         0
    0.7500    0.7778    0.7778    1.0000    0.8889    0.6667    0.5556    0.1250    0.1111    0.2500
    0.8889    1.0000    1.0000    1.0000    0.8750    0.7778    0.6667    0.7778    0.5556    0.2500
    1.0000    0.8889    0.7778    0.8750    0.5000    0.7778    0.6667    0.7778    0.6250    0.1111
    0.4444    0.6667    0.7500    0.7778    0.8889    0.8889    0.4444    0.5556    0.5556    0.1111
    0.7500    0.8889    0.8750    0.8889    0.6667    0.7778    0.6667    0.6667    0.3750    0.4444
    0.8889    1.0000    1.0000    0.8889    0.6667    0.8889    0.8889    0.6250    0.2222         0
    1.0000    0.7778    1.0000    0.7778    0.8750    0.7778    0.6250    0.6667    0.2222    0.2500
    1.0000    0.6667    0.7143    0.8750    0.5556    0.7500    0.8750    0.6667    0.1111    0.1250


reshaped_participant_data_matrix =

    0.3847    0.5746
    0.6486    0.7861
    0.5250    0.7294
    0.5653    0.7542
    0.2528    0.3679
    0.4986    0.7903
    0.4514    0.6861
    0.5472    0.7764
    0.2375    0.3242
    0.5222    0.7736
    0.5139    0.6069
    0.4083    0.5335
    0.5153    0.5903
    0.5819    0.7792
    0.5889    0.7000
    0.4056    0.6083
    0.5069    0.7000
    0.5611    0.7069
    0.5403    0.6972
    0.4730    0.6339


p_value_interaction =

   1.0000e-04


p_value_main_effect_model =

   1.0000e-04

l2_p5_adversarial_vs_standard_kell2018_cochleagram Full ANOVA
                                    SumSq     DF      MeanSq       F         pValue       pValueGG      pValueHF      pValueLB     partial_etaSquared
                                    ______    ___    ________    ______    __________    __________    __________    __________    __________________

    (Intercept)                      130.5      1       130.5    491.85    4.8267e-15    4.8267e-15    4.8267e-15    4.8267e-15             NaN      
    Error                           5.0413     19     0.26533                                                                               NaN      
    (Intercept):layer               22.957      9      2.5508    101.29    8.9289e-64    7.9949e-38    9.8421e-53    4.7456e-09         0.84205      
    Error(layer)                    4.3062    171    0.025182                                                                               NaN      
    (Intercept):model_type          2.8738      1      2.8738    166.32    7.6016e-11    7.6016e-11    7.6016e-11    7.6016e-11         0.89747      
    Error(model_type)               0.3283     19    0.017279                                                                               NaN      
    (Intercept):layer:model_type    1.9616      9     0.21796    11.533      4.68e-14     2.438e-09    1.2564e-12     0.0030312         0.37773      
    Error(layer:model_type)         3.2315    171    0.018898                                                                               NaN      

F(model) main effect: 166.3199
p_value main effect : 0.0001
F(model, stage) interaction: 11.5334
p_value interaction : 0.0001
