######### | Auditory Networks: Robust CochCNN9 (kell2018) Experiment, Cochleagram Adversaries - l2_1_adversarial_vs_standard_kell2018_cochleagram | #########
NUM_PERMUTATIONS = 10000
MODELS_INCLUDED_IN_ANOVA: kell2018, kell2018_l2_1_robust_cochleagram

model_idx =

     1     2


anova_comparison_data_matrix(:,:,1) =

    0.6250    0.4444    0.6667    0.6250    0.5556    0.3333    0.3750    0.2222         0         0
    1.0000    1.0000    0.8750    0.8889    0.7778    0.7778    0.2500    0.6667         0    0.2500
    0.8889    1.0000    0.7778    0.5556    0.7500    0.5556    0.2222    0.3750    0.1250         0
    0.8889    0.8750    0.8571    1.0000    0.6667    0.5556    0.6667    0.1429         0         0
    0.3333    0.3750    0.2222    0.3750    0.4444    0.2222    0.2222    0.1111    0.1111    0.1111
    0.7500    1.0000    0.7778    0.8750    0.6667    0.5556    0.2500    0.1111         0         0
    0.7500    0.8750    0.6667    0.8889    0.6667    0.3333    0.1111    0.2222         0         0
    0.8889    0.7778    0.8889    1.0000    0.6667    0.5556    0.2222    0.2500    0.2222         0
    0.3333    0.3333    0.4444    0.4444    0.3750    0.4444         0         0         0         0
    0.8889    0.7778    0.6667    0.7778    0.7778    0.7778    0.2222    0.3333         0         0
    0.5556    0.8889    0.5556    0.7778    0.6250    0.6250    0.7778    0.3333         0         0
    0.7500    0.7778    0.7778    0.7778    0.4444    0.1111    0.1111    0.1111    0.2222         0
    0.7500    0.6667    0.8889    0.7778    0.6250    0.6667    0.4444    0.2222         0    0.1111
    0.8889    1.0000    0.7778    0.6667    0.6667    1.0000    0.4444    0.2500         0    0.1250
    1.0000    0.8889    0.7778    1.0000    0.8889    0.6667    0.2222    0.4444         0         0
    0.4444    0.5556    0.6667    0.6667    0.5556    0.3750    0.2222    0.4444    0.1250         0
    0.7500    0.8889    1.0000    0.8750    0.6667    0.4444    0.3333         0         0    0.1111
    0.8889    0.8750    0.7778    1.0000    0.6250    0.4444    0.5556    0.2222         0    0.2222
    1.0000    0.6250    1.0000    0.8889    0.7500    0.7778    0.2500    0.1111         0         0
    1.0000    0.5714    0.7143    0.8889    0.4444    0.4444    0.3333    0.3333         0         0


anova_comparison_data_matrix(:,:,2) =

    0.6250    0.5556    0.5556    0.5556    0.3333    0.6667    0.7778    0.4444    0.4444    0.1111
    1.0000    1.0000    0.8750    1.0000    0.8750    0.8889    0.7778    0.8889    0.6667    0.2222
    0.8889    0.6667    0.8889    0.6667    0.5556    0.6667    1.0000    0.7778    0.6250    0.2500
    0.8889    1.0000    0.7778    0.8750    0.8889    1.0000    0.8889    0.8889    0.7500    0.1111
    0.3333    0.2222    0.4444    0.3333    0.4444    0.2857    0.4444    0.4444    0.1111    0.1111
    0.7500    0.8889    1.0000    0.8889    0.8750    1.0000    0.8889    0.6667    0.7500    0.1111
    0.7500    1.0000    0.8889    0.6667    0.8571    0.7778    0.5556    0.8750    0.4444    0.1250
    0.8889    0.8889    0.8889    1.0000    1.0000    1.0000    0.8889    0.5000    0.3333    0.5556
    0.3333    0.4444    0.7500    0.7500    0.6667    0.2222    0.1111    0.3333    0.2500         0
    0.8889    0.8889    1.0000    1.0000    1.0000    1.0000    0.8333    0.8889    0.3333    0.5556
    0.5556    0.8889    0.6250    0.5556    0.8750    0.5556    0.8889    0.6667    0.3333    0.2222
    0.7500    0.6667    0.2500    0.7778    0.4444    0.7778    0.6250    0.3333    0.2222    0.1429
    0.7500    0.8889    0.6667    0.7778    0.6667    0.7778    0.4444    0.6250    0.3333    0.3750
    0.8889    0.8750    0.6667    0.8750    0.8889    1.0000    0.7778    0.5556    0.4444    0.3333
    1.0000    1.0000    1.0000    0.7778    0.8889    0.8750    0.6667    0.7778    0.5000         0
    0.4444    0.7778    0.7500    0.7778    0.4444    0.2857    0.7778    1.0000    0.5000    0.5000
    0.7500    1.0000    0.8889    0.8889    0.8750    0.8750    0.6667    0.7778    0.4286         0
    0.8889    0.7778    0.6667    0.7778    0.8889    1.0000    0.7500    0.7778    0.6250    0.1111
    1.0000    0.8889    1.0000    0.7143    0.8889    0.5556    0.7500    0.6667    0.5556         0
    1.0000    0.7778    0.8889    0.8889    0.7778    0.6667    0.6667    0.7500    0.5556    0.2222


reshaped_participant_data_matrix =

    0.3847    0.5069
    0.6486    0.8194
    0.5250    0.6986
    0.5653    0.8069
    0.2528    0.3175
    0.4986    0.7819
    0.4514    0.6940
    0.5472    0.7944
    0.2375    0.3861
    0.5222    0.8389
    0.5139    0.6167
    0.4083    0.4990
    0.5153    0.6306
    0.5819    0.7306
    0.5889    0.7486
    0.4056    0.6258
    0.5069    0.7151
    0.5611    0.7264
    0.5403    0.7020
    0.4730    0.7194


p_value_interaction =

   1.0000e-04


p_value_main_effect_model =

   1.0000e-04

l2_1_adversarial_vs_standard_kell2018_cochleagram Full ANOVA
                                     SumSq     DF      MeanSq       F         pValue       pValueGG      pValueHF      pValueLB     partial_etaSquared
                                    _______    ___    ________    ______    __________    __________    __________    __________    __________________

    (Intercept)                      133.26      1      133.26       459    9.0861e-15    9.0861e-15    9.0861e-15    9.0861e-15             NaN      
    Error                            5.5161     19     0.29032                                                                               NaN      
    (Intercept):layer                19.976      9      2.2195    85.143    1.8179e-58    1.1991e-33    3.2479e-46    1.8913e-08         0.81756      
    Error(layer)                     4.4577    171    0.026069                                                                               NaN      
    (Intercept):model_type           3.2949      1      3.2949    145.24      2.41e-10      2.41e-10      2.41e-10      2.41e-10         0.88432      
    Error(model_type)               0.43103     19    0.022686                                                                               NaN      
    (Intercept):layer:model_type     2.8306      9     0.31451    18.934    1.0561e-21    6.4213e-14    3.8044e-19    0.00034377         0.49913      
    Error(layer:model_type)          2.8404    171    0.016611                                                                               NaN      

F(model) main effect: 145.2391
p_value main effect : 0.0001
F(model, stage) interaction: 18.9339
p_value interaction : 0.0001
