######### | Auditory Networks: Robust CochCNN9 (kell2018) Experiment, Cochleagram Adversaries - l2_adversarial_cochleagram_perturbation_size_kell2018 | #########
NUM_PERMUTATIONS = 10000
MODELS_INCLUDED_IN_ANOVA: kell2018_l2_1_robust_cochleagram, kell2018_l2_p5_robust_cochleagram

model_idx =

     2     3


anova_comparison_data_matrix(:,:,1) =

    0.6250    0.5556    0.5556    0.5556    0.3333    0.6667    0.7778    0.4444    0.4444    0.1111
    1.0000    1.0000    0.8750    1.0000    0.8750    0.8889    0.7778    0.8889    0.6667    0.2222
    0.8889    0.6667    0.8889    0.6667    0.5556    0.6667    1.0000    0.7778    0.6250    0.2500
    0.8889    1.0000    0.7778    0.8750    0.8889    1.0000    0.8889    0.8889    0.7500    0.1111
    0.3333    0.2222    0.4444    0.3333    0.4444    0.2857    0.4444    0.4444    0.1111    0.1111
    0.7500    0.8889    1.0000    0.8889    0.8750    1.0000    0.8889    0.6667    0.7500    0.1111
    0.7500    1.0000    0.8889    0.6667    0.8571    0.7778    0.5556    0.8750    0.4444    0.1250
    0.8889    0.8889    0.8889    1.0000    1.0000    1.0000    0.8889    0.5000    0.3333    0.5556
    0.3333    0.4444    0.7500    0.7500    0.6667    0.2222    0.1111    0.3333    0.2500         0
    0.8889    0.8889    1.0000    1.0000    1.0000    1.0000    0.8333    0.8889    0.3333    0.5556
    0.5556    0.8889    0.6250    0.5556    0.8750    0.5556    0.8889    0.6667    0.3333    0.2222
    0.7500    0.6667    0.2500    0.7778    0.4444    0.7778    0.6250    0.3333    0.2222    0.1429
    0.7500    0.8889    0.6667    0.7778    0.6667    0.7778    0.4444    0.6250    0.3333    0.3750
    0.8889    0.8750    0.6667    0.8750    0.8889    1.0000    0.7778    0.5556    0.4444    0.3333
    1.0000    1.0000    1.0000    0.7778    0.8889    0.8750    0.6667    0.7778    0.5000         0
    0.4444    0.7778    0.7500    0.7778    0.4444    0.2857    0.7778    1.0000    0.5000    0.5000
    0.7500    1.0000    0.8889    0.8889    0.8750    0.8750    0.6667    0.7778    0.4286         0
    0.8889    0.7778    0.6667    0.7778    0.8889    1.0000    0.7500    0.7778    0.6250    0.1111
    1.0000    0.8889    1.0000    0.7143    0.8889    0.5556    0.7500    0.6667    0.5556         0
    1.0000    0.7778    0.8889    0.8889    0.7778    0.6667    0.6667    0.7500    0.5556    0.2222


anova_comparison_data_matrix(:,:,2) =

    0.6250    0.8889    0.8571    0.6667    0.5000    0.8889    0.3750    0.3333    0.5000    0.1111
    1.0000    0.8889    0.8889    1.0000    1.0000    1.0000    0.7500    0.6667    0.4444    0.2222
    0.8889    0.8889    0.5714    0.7778    0.7500    1.0000    0.6667    0.7500    0.7500    0.2500
    0.8889    1.0000    1.0000    0.7778    0.7778    1.0000    0.8750    0.7778    0.3333    0.1111
    0.3333    0.1111    0.4286    0.3750    0.4444    0.6250    0.4444    0.5556    0.2500    0.1111
    0.7500    1.0000    0.8889    1.0000    0.6667    0.8750    1.0000    0.8889    0.5000    0.3333
    0.7500    0.7778    0.8889    0.8889    0.8889    1.0000    0.7778    0.5556    0.3333         0
    0.8889    0.8750    1.0000    0.8889    0.8889    1.0000    0.6667    1.0000         0    0.5556
    0.3333    0.7500    0.7143    0.3333    0.2222         0    0.4444    0.2222    0.2222         0
    0.8889    1.0000    0.8750    0.8889    0.8889    0.8750    0.8750    0.7778    0.5556    0.1111
    0.5556    0.7778    0.6250    0.5556    1.0000    0.8750    0.7778    0.4444    0.3333    0.1250
    0.7500    0.7500    0.5000    0.5714    0.8750    0.7500    0.5556    0.3333    0.2500         0
    0.7500    0.7778    0.7778    1.0000    0.8889    0.6667    0.5556    0.1250    0.1111    0.2500
    0.8889    1.0000    1.0000    1.0000    0.8750    0.7778    0.6667    0.7778    0.5556    0.2500
    1.0000    0.8889    0.7778    0.8750    0.5000    0.7778    0.6667    0.7778    0.6250    0.1111
    0.4444    0.6667    0.7500    0.7778    0.8889    0.8889    0.4444    0.5556    0.5556    0.1111
    0.7500    0.8889    0.8750    0.8889    0.6667    0.7778    0.6667    0.6667    0.3750    0.4444
    0.8889    1.0000    1.0000    0.8889    0.6667    0.8889    0.8889    0.6250    0.2222         0
    1.0000    0.7778    1.0000    0.7778    0.8750    0.7778    0.6250    0.6667    0.2222    0.2500
    1.0000    0.6667    0.7143    0.8750    0.5556    0.7500    0.8750    0.6667    0.1111    0.1250


reshaped_participant_data_matrix =

    0.5069    0.5746
    0.8194    0.7861
    0.6986    0.7294
    0.8069    0.7542
    0.3175    0.3679
    0.7819    0.7903
    0.6940    0.6861
    0.7944    0.7764
    0.3861    0.3242
    0.8389    0.7736
    0.6167    0.6069
    0.4990    0.5335
    0.6306    0.5903
    0.7306    0.7792
    0.7486    0.7000
    0.6258    0.6083
    0.7151    0.7000
    0.7264    0.7069
    0.7020    0.6972
    0.7194    0.6339


p_value_interaction =

    0.2796


p_value_main_effect_model =

    0.2092

l2_adversarial_cochleagram_perturbation_size_kell2018 Full ANOVA
                                     SumSq      DF      MeanSq        F         pValue       pValueGG      pValueHF      pValueLB     partial_etaSquared
                                    ________    ___    _________    ______    __________    __________    __________    __________    __________________

    (Intercept)                       175.27      1       175.27    479.48    6.0954e-15    6.0954e-15    6.0954e-15    6.0954e-15              NaN     
    Error                             6.9454     19      0.36555                                                                                NaN     
    (Intercept):layer                 14.974      9       1.6638    61.765    3.9735e-49    2.3826e-32     6.619e-47      2.18e-07          0.76475     
    Error(layer)                      4.6064    171     0.026938                                                                                NaN     
    (Intercept):model_type          0.014386      1     0.014386    1.6311       0.21694       0.21694       0.21694       0.21694         0.079059     
    Error(model_type)                0.16758     19    0.0088198                                                                                NaN     
    (Intercept):layer:model_type     0.21303      9     0.023669    1.2282       0.28068       0.30282       0.29357       0.28159         0.060716     
    Error(layer:model_type)           3.2955    171     0.019272                                                                                NaN     

F(model) main effect: 1.6311
p_value main effect : 0.2092
F(model, stage) interaction: 1.2282
p_value interaction : 0.2796
