######### | Auditory Networks: Robust CochCNN9 (kell2018) Experiment, Cochleagram Adversaries - l2_random_vs_standard_kell2018_cochleagram | #########
NUM_PERMUTATIONS = 10000
MODELS_INCLUDED_IN_ANOVA: kell2018, kell2018_l2_1_random_step_cochleagram

model_idx =

     1     4


anova_comparison_data_matrix(:,:,1) =

    0.6250    0.4444    0.6667    0.6250    0.5556    0.3333    0.3750    0.2222         0         0
    1.0000    1.0000    0.8750    0.8889    0.7778    0.7778    0.2500    0.6667         0    0.2500
    0.8889    1.0000    0.7778    0.5556    0.7500    0.5556    0.2222    0.3750    0.1250         0
    0.8889    0.8750    0.8571    1.0000    0.6667    0.5556    0.6667    0.1429         0         0
    0.3333    0.3750    0.2222    0.3750    0.4444    0.2222    0.2222    0.1111    0.1111    0.1111
    0.7500    1.0000    0.7778    0.8750    0.6667    0.5556    0.2500    0.1111         0         0
    0.7500    0.8750    0.6667    0.8889    0.6667    0.3333    0.1111    0.2222         0         0
    0.8889    0.7778    0.8889    1.0000    0.6667    0.5556    0.2222    0.2500    0.2222         0
    0.3333    0.3333    0.4444    0.4444    0.3750    0.4444         0         0         0         0
    0.8889    0.7778    0.6667    0.7778    0.7778    0.7778    0.2222    0.3333         0         0
    0.5556    0.8889    0.5556    0.7778    0.6250    0.6250    0.7778    0.3333         0         0
    0.7500    0.7778    0.7778    0.7778    0.4444    0.1111    0.1111    0.1111    0.2222         0
    0.7500    0.6667    0.8889    0.7778    0.6250    0.6667    0.4444    0.2222         0    0.1111
    0.8889    1.0000    0.7778    0.6667    0.6667    1.0000    0.4444    0.2500         0    0.1250
    1.0000    0.8889    0.7778    1.0000    0.8889    0.6667    0.2222    0.4444         0         0
    0.4444    0.5556    0.6667    0.6667    0.5556    0.3750    0.2222    0.4444    0.1250         0
    0.7500    0.8889    1.0000    0.8750    0.6667    0.4444    0.3333         0         0    0.1111
    0.8889    0.8750    0.7778    1.0000    0.6250    0.4444    0.5556    0.2222         0    0.2222
    1.0000    0.6250    1.0000    0.8889    0.7500    0.7778    0.2500    0.1111         0         0
    1.0000    0.5714    0.7143    0.8889    0.4444    0.4444    0.3333    0.3333         0         0


anova_comparison_data_matrix(:,:,2) =

    0.6250    0.5556    0.4444    0.5556    0.4444    0.3333    0.1111    0.2500         0         0
    1.0000    1.0000    1.0000    0.8750    0.8889    0.4444    0.6667    0.3750         0         0
    0.8889    0.7778    0.8750    0.8889    0.5556    0.5556    0.5556    0.1111         0         0
    0.8889    1.0000    1.0000    0.8889    0.7778    0.7778    0.4444    0.1111    0.1111    0.1250
    0.3333    0.7500    0.3333    0.5000    0.4444    0.2500    0.1111    0.2222         0         0
    0.7500    1.0000    0.8750    1.0000    0.6250    0.4444         0    0.1250    0.1111         0
    0.7500    0.8889    0.7778    1.0000    0.3750    0.3333    0.1111    0.1250         0         0
    0.8889    1.0000    0.8889    1.0000    0.7500    0.4444    0.4444    0.2500    0.1250    0.1111
    0.3333    0.4444    0.5556    0.4444    0.2222    0.2222    0.2222    0.1111         0         0
    0.8889    0.7778    1.0000    0.6667    0.8750    0.5000    0.3333    0.1111         0         0
    0.5556    0.6667    0.7143    0.7500    0.8889    0.4444    0.7500    0.4444    0.1111         0
    0.7500    0.7778    0.4444    0.6667    0.4444    0.2222    0.1111         0         0         0
    0.7500    1.0000    0.7778    0.7778    0.3750    0.6667    0.2500    0.2222         0         0
    0.8889    0.8889    1.0000    0.7143    0.7778    0.7500    0.2222    0.1111    0.1250         0
    1.0000    0.5556    1.0000    0.8889    0.6667    0.5556    0.1111    0.3750         0         0
    0.4444    0.3333    0.7778    0.7778    0.5556    0.7778    0.3750    0.2222    0.1250         0
    0.7500    0.7778    1.0000    0.8889    0.6667    0.5714    0.4444         0         0         0
    0.8889    0.8889    1.0000    0.7778    0.6250    0.4444    0.2222    0.4286         0         0
    1.0000    0.7778    0.6667    0.7778    0.6667    0.7500    0.4444    0.1111         0         0
    1.0000    1.0000    0.7778    1.0000    0.7778    0.5556    0.3333    0.2222    0.1111         0


reshaped_participant_data_matrix =

    0.3847    0.3319
    0.6486    0.6250
    0.5250    0.5208
    0.5653    0.6125
    0.2528    0.2944
    0.4986    0.4931
    0.4514    0.4361
    0.5472    0.5903
    0.2375    0.2556
    0.5222    0.5153
    0.5139    0.5325
    0.4083    0.3417
    0.5153    0.4819
    0.5819    0.5478
    0.5889    0.5153
    0.4056    0.4389
    0.5069    0.5099
    0.5611    0.5276
    0.5403    0.5194
    0.4730    0.5778


p_value_interaction =

    0.5753


p_value_main_effect_model =

    0.7642

l2_random_vs_standard_kell2018_cochleagram Full ANOVA
                                      SumSq       DF       MeanSq         F          pValue       pValueGG      pValueHF      pValueLB     partial_etaSquared
                                    __________    ___    __________    ________    __________    __________    __________    __________    __________________

    (Intercept)                         94.055      1        94.055      448.72    1.1177e-14    1.1177e-14    1.1177e-14    1.1177e-14              NaN     
    Error                               3.9826     19       0.20961                                                                                  NaN     
    (Intercept):layer                   34.548      9        3.8386      135.15     6.349e-73     1.446e-37    8.6015e-50    4.4185e-10          0.87674     
    Error(layer)                        4.8569    171      0.028403                                                                                  NaN     
    (Intercept):model_type          0.00092156      1    0.00092156    0.097889       0.75779       0.75779       0.75779       0.75779        0.0051256     
    Error(model_type)                  0.17887     19     0.0094143                                                                                  NaN     
    (Intercept):layer:model_type      0.089286      9     0.0099206      0.8441       0.57657       0.52335       0.55493       0.36974         0.042537     
    Error(layer:model_type)             2.0097    171      0.011753                                                                                  NaN     

F(model) main effect: 0.097889
p_value main effect : 0.7642
F(model, stage) interaction: 0.8441
p_value interaction : 0.5753
