######### | Auditory Networks: Robust CochCNN9 (kell2018) Experiment, Cochleagram Adversaries - l2_1_adversarial_vs_l2_1_random_kell2018_cochleagram | #########
NUM_PERMUTATIONS = 10000
MODELS_INCLUDED_IN_ANOVA: kell2018_l2_1_robust_cochleagram, kell2018_l2_1_random_step_cochleagram

model_idx =

     2     4


anova_comparison_data_matrix(:,:,1) =

    0.6250    0.5556    0.5556    0.5556    0.3333    0.6667    0.7778    0.4444    0.4444    0.1111
    1.0000    1.0000    0.8750    1.0000    0.8750    0.8889    0.7778    0.8889    0.6667    0.2222
    0.8889    0.6667    0.8889    0.6667    0.5556    0.6667    1.0000    0.7778    0.6250    0.2500
    0.8889    1.0000    0.7778    0.8750    0.8889    1.0000    0.8889    0.8889    0.7500    0.1111
    0.3333    0.2222    0.4444    0.3333    0.4444    0.2857    0.4444    0.4444    0.1111    0.1111
    0.7500    0.8889    1.0000    0.8889    0.8750    1.0000    0.8889    0.6667    0.7500    0.1111
    0.7500    1.0000    0.8889    0.6667    0.8571    0.7778    0.5556    0.8750    0.4444    0.1250
    0.8889    0.8889    0.8889    1.0000    1.0000    1.0000    0.8889    0.5000    0.3333    0.5556
    0.3333    0.4444    0.7500    0.7500    0.6667    0.2222    0.1111    0.3333    0.2500         0
    0.8889    0.8889    1.0000    1.0000    1.0000    1.0000    0.8333    0.8889    0.3333    0.5556
    0.5556    0.8889    0.6250    0.5556    0.8750    0.5556    0.8889    0.6667    0.3333    0.2222
    0.7500    0.6667    0.2500    0.7778    0.4444    0.7778    0.6250    0.3333    0.2222    0.1429
    0.7500    0.8889    0.6667    0.7778    0.6667    0.7778    0.4444    0.6250    0.3333    0.3750
    0.8889    0.8750    0.6667    0.8750    0.8889    1.0000    0.7778    0.5556    0.4444    0.3333
    1.0000    1.0000    1.0000    0.7778    0.8889    0.8750    0.6667    0.7778    0.5000         0
    0.4444    0.7778    0.7500    0.7778    0.4444    0.2857    0.7778    1.0000    0.5000    0.5000
    0.7500    1.0000    0.8889    0.8889    0.8750    0.8750    0.6667    0.7778    0.4286         0
    0.8889    0.7778    0.6667    0.7778    0.8889    1.0000    0.7500    0.7778    0.6250    0.1111
    1.0000    0.8889    1.0000    0.7143    0.8889    0.5556    0.7500    0.6667    0.5556         0
    1.0000    0.7778    0.8889    0.8889    0.7778    0.6667    0.6667    0.7500    0.5556    0.2222


anova_comparison_data_matrix(:,:,2) =

    0.6250    0.5556    0.4444    0.5556    0.4444    0.3333    0.1111    0.2500         0         0
    1.0000    1.0000    1.0000    0.8750    0.8889    0.4444    0.6667    0.3750         0         0
    0.8889    0.7778    0.8750    0.8889    0.5556    0.5556    0.5556    0.1111         0         0
    0.8889    1.0000    1.0000    0.8889    0.7778    0.7778    0.4444    0.1111    0.1111    0.1250
    0.3333    0.7500    0.3333    0.5000    0.4444    0.2500    0.1111    0.2222         0         0
    0.7500    1.0000    0.8750    1.0000    0.6250    0.4444         0    0.1250    0.1111         0
    0.7500    0.8889    0.7778    1.0000    0.3750    0.3333    0.1111    0.1250         0         0
    0.8889    1.0000    0.8889    1.0000    0.7500    0.4444    0.4444    0.2500    0.1250    0.1111
    0.3333    0.4444    0.5556    0.4444    0.2222    0.2222    0.2222    0.1111         0         0
    0.8889    0.7778    1.0000    0.6667    0.8750    0.5000    0.3333    0.1111         0         0
    0.5556    0.6667    0.7143    0.7500    0.8889    0.4444    0.7500    0.4444    0.1111         0
    0.7500    0.7778    0.4444    0.6667    0.4444    0.2222    0.1111         0         0         0
    0.7500    1.0000    0.7778    0.7778    0.3750    0.6667    0.2500    0.2222         0         0
    0.8889    0.8889    1.0000    0.7143    0.7778    0.7500    0.2222    0.1111    0.1250         0
    1.0000    0.5556    1.0000    0.8889    0.6667    0.5556    0.1111    0.3750         0         0
    0.4444    0.3333    0.7778    0.7778    0.5556    0.7778    0.3750    0.2222    0.1250         0
    0.7500    0.7778    1.0000    0.8889    0.6667    0.5714    0.4444         0         0         0
    0.8889    0.8889    1.0000    0.7778    0.6250    0.4444    0.2222    0.4286         0         0
    1.0000    0.7778    0.6667    0.7778    0.6667    0.7500    0.4444    0.1111         0         0
    1.0000    1.0000    0.7778    1.0000    0.7778    0.5556    0.3333    0.2222    0.1111         0


reshaped_participant_data_matrix =

    0.5069    0.3319
    0.8194    0.6250
    0.6986    0.5208
    0.8069    0.6125
    0.3175    0.2944
    0.7819    0.4931
    0.6940    0.4361
    0.7944    0.5903
    0.3861    0.2556
    0.8389    0.5153
    0.6167    0.5325
    0.4990    0.3417
    0.6306    0.4819
    0.7306    0.5478
    0.7486    0.5153
    0.6258    0.4389
    0.7151    0.5099
    0.7264    0.5276
    0.7020    0.5194
    0.7194    0.5778


p_value_interaction =

   1.0000e-04


p_value_main_effect_model =

   1.0000e-04

l2_1_adversarial_vs_l2_1_random_kell2018_cochleagram Full ANOVA
                                     SumSq     DF      MeanSq       F         pValue       pValueGG      pValueHF      pValueLB     partial_etaSquared
                                    _______    ___    ________    ______    __________    __________    __________    __________    __________________

    (Intercept)                      132.56      1      132.56    458.49    9.1792e-15    9.1792e-15    9.1792e-15    9.1792e-15             NaN      
    Error                            5.4933     19     0.28912                                                                               NaN      
    (Intercept):layer                21.485      9      2.3872     97.41    1.4438e-62    3.4913e-37    7.3895e-52     6.499e-09         0.83678      
    Error(layer)                     4.1907    171    0.024507                                                                               NaN      
    (Intercept):model_type            3.406      1       3.406    157.24    1.2284e-10    1.2284e-10    1.2284e-10    1.2284e-10         0.89219      
    Error(model_type)               0.41156     19    0.021661                                                                               NaN      
    (Intercept):layer:model_type      3.421      9     0.38011     21.38     6.181e-24    1.3424e-15    9.2197e-22     0.0001852         0.52947      
    Error(layer:model_type)          3.0402    171    0.017779                                                                               NaN      

F(model) main effect: 157.239
p_value main effect : 0.0001
F(model, stage) interaction: 21.38
p_value interaction : 0.0001
