######### | Auditory Networks: Robust CochCNN9 (kell2018) Experiment, Cochleagram Adversaries - l2_1_adversarial_waveform_vs_l2_1_adversarial_cochleagram_kell2018 | #########
NUM_PERMUTATIONS = 10000
MODELS_INCLUDED_IN_ANOVA: kell2018_l2_1_robust_cochleagram, kell2018_l2_1_robust_waveform

model_idx =

     2     5


anova_comparison_data_matrix(:,:,1) =

    0.6250    0.5556    0.5556    0.5556    0.3333    0.6667    0.7778    0.4444    0.4444    0.1111
    1.0000    1.0000    0.8750    1.0000    0.8750    0.8889    0.7778    0.8889    0.6667    0.2222
    0.8889    0.6667    0.8889    0.6667    0.5556    0.6667    1.0000    0.7778    0.6250    0.2500
    0.8889    1.0000    0.7778    0.8750    0.8889    1.0000    0.8889    0.8889    0.7500    0.1111
    0.3333    0.2222    0.4444    0.3333    0.4444    0.2857    0.4444    0.4444    0.1111    0.1111
    0.7500    0.8889    1.0000    0.8889    0.8750    1.0000    0.8889    0.6667    0.7500    0.1111
    0.7500    1.0000    0.8889    0.6667    0.8571    0.7778    0.5556    0.8750    0.4444    0.1250
    0.8889    0.8889    0.8889    1.0000    1.0000    1.0000    0.8889    0.5000    0.3333    0.5556
    0.3333    0.4444    0.7500    0.7500    0.6667    0.2222    0.1111    0.3333    0.2500         0
    0.8889    0.8889    1.0000    1.0000    1.0000    1.0000    0.8333    0.8889    0.3333    0.5556
    0.5556    0.8889    0.6250    0.5556    0.8750    0.5556    0.8889    0.6667    0.3333    0.2222
    0.7500    0.6667    0.2500    0.7778    0.4444    0.7778    0.6250    0.3333    0.2222    0.1429
    0.7500    0.8889    0.6667    0.7778    0.6667    0.7778    0.4444    0.6250    0.3333    0.3750
    0.8889    0.8750    0.6667    0.8750    0.8889    1.0000    0.7778    0.5556    0.4444    0.3333
    1.0000    1.0000    1.0000    0.7778    0.8889    0.8750    0.6667    0.7778    0.5000         0
    0.4444    0.7778    0.7500    0.7778    0.4444    0.2857    0.7778    1.0000    0.5000    0.5000
    0.7500    1.0000    0.8889    0.8889    0.8750    0.8750    0.6667    0.7778    0.4286         0
    0.8889    0.7778    0.6667    0.7778    0.8889    1.0000    0.7500    0.7778    0.6250    0.1111
    1.0000    0.8889    1.0000    0.7143    0.8889    0.5556    0.7500    0.6667    0.5556         0
    1.0000    0.7778    0.8889    0.8889    0.7778    0.6667    0.6667    0.7500    0.5556    0.2222


anova_comparison_data_matrix(:,:,2) =

    0.6250    0.7778    0.5556    0.2500    0.8889    0.5556    0.6667    0.2500    0.2500    0.1111
    1.0000    1.0000    0.7778    1.0000    0.7500    1.0000    1.0000    0.7778    0.2222    0.3333
    0.8889    0.6667    0.6667    1.0000    0.7778    0.8889    0.7500    0.5556    0.3333    0.1111
    0.8889    1.0000    0.8889    1.0000    1.0000    1.0000    0.7778    0.6667         0    0.2500
    0.3333    0.4444    0.2222    0.4444    0.6250    0.3750    0.5556    0.4444    0.2222    0.1111
    0.7500    0.8889    1.0000    0.8889    0.8889    0.7500    0.6667    0.7778         0         0
    0.7500    0.7778    1.0000    1.0000    0.7500    0.7778    0.7500    0.6250    0.1111    0.2222
    0.8889    0.7778    0.8750    0.7778    0.8889    0.8889    0.8889    0.6667    0.3333    0.1429
    0.3333    0.3750    0.3333    0.3750    0.4444    0.4444    0.2500    0.2222         0         0
    0.8889    1.0000    1.0000    1.0000    0.8750    0.8889    0.7500    0.8889    0.6667    0.1111
    0.5556    0.6667    0.8889    0.8889    1.0000    0.6250    0.6667    0.6667    0.2500         0
    0.7500    0.3333    0.2222    0.7500    0.5000    0.2500    0.2222    0.3333         0         0
    0.7500    1.0000    0.7500    0.5556    1.0000    0.6250    0.6667    0.3750    0.4444    0.2500
    0.8889    0.8750    0.7778    1.0000    0.7778    0.7500    0.7778    0.8889    0.3333    0.1111
    1.0000    0.8889    1.0000    0.8750    0.7500    1.0000    0.7778    0.3750         0         0
    0.4444    0.8889    0.8889    0.7778    1.0000    0.6250    0.5556    0.2222    0.1429    0.1429
    0.7500    0.7778    0.7778    0.5000    0.5556    1.0000    0.5556    0.4444    0.3333    0.1250
    0.8889    1.0000    0.6250    1.0000    1.0000    0.8889    1.0000    0.4444    0.1111    0.2222
    1.0000    0.8889    0.8750    0.8889    0.6667    0.6667    0.6250    0.5556    0.3750    0.2222
    1.0000    0.7778    1.0000    0.8889    0.7500    0.8889    0.6667    0.5556    0.5556    0.2857


reshaped_participant_data_matrix =

    0.5069    0.4931
    0.8194    0.7861
    0.6986    0.6639
    0.8069    0.7472
    0.3175    0.3778
    0.7819    0.6611
    0.6940    0.6764
    0.7944    0.7129
    0.3861    0.2778
    0.8389    0.8069
    0.6167    0.6208
    0.4990    0.3361
    0.6306    0.6417
    0.7306    0.7181
    0.7486    0.6667
    0.6258    0.5688
    0.7151    0.5819
    0.7264    0.7181
    0.7020    0.6764
    0.7194    0.7369


p_value_interaction =

   1.0000e-03


p_value_main_effect_model =

    0.0023

l2_1_adversarial_waveform_vs_l2_1_adversarial_cochleagram_kell2018 Full ANOVA
                                     SumSq     DF      MeanSq       F         pValue       pValueGG      pValueHF      pValueLB     partial_etaSquared
                                    _______    ___    ________    ______    __________    __________    __________    __________    __________________

    (Intercept)                      166.77      1      166.77    414.87    2.2851e-14    2.2851e-14    2.2851e-14    2.2851e-14             NaN      
    Error                            7.6375     19     0.40197                                                                               NaN      
    (Intercept):layer                16.686      9       1.854    77.721    9.5247e-56    5.2797e-34    8.6196e-48     3.847e-08         0.80356      
    Error(layer)                     4.0792    171    0.023855                                                                               NaN      
    (Intercept):model_type          0.19815      1     0.19815     12.56     0.0021674     0.0021674     0.0021674     0.0021674         0.39798      
    Error(model_type)               0.29974     19    0.015776                                                                               NaN      
    (Intercept):layer:model_type    0.59757      9    0.066396    3.2046     0.0013024     0.0089975      0.002833      0.089384         0.14432      
    Error(layer:model_type)           3.543    171    0.020719                                                                               NaN      

F(model) main effect: 12.5602
p_value main effect : 0.0023
F(model, stage) interaction: 3.2046
p_value interaction : 0.001
