######### | Visual Networks: Robust ResNet50 Experiment - linf_random_vs_standard_resnet50 | #########
NUM_PERMUTATIONS = 10000
MODELS_INCLUDED_IN_ANOVA: resnet50, resnet50_random_linf8_perturb

model_idx =

     1     6


anova_comparison_data_matrix(:,:,1) =

    0.9167    0.9000    1.0000    1.0000    0.7778    0.3333    0.1000    0.1250
    0.9231    0.9000    0.8889    0.9000    1.0000    0.1111    0.1111    0.1000
    1.0000    1.0000    0.8750    1.0000    0.8000    0.5000    0.1000         0
    0.8182    1.0000    0.8889    1.0000    1.0000    0.5000         0         0
    1.0000    0.8750    0.8750    1.0000    1.0000    0.3333    0.2222    0.2222
    1.0000    1.0000    0.8571    1.0000    0.9000    0.5556    0.1250         0
    0.9000    1.0000    1.0000    0.8889    0.9000    0.6250    0.1111    0.2222
    0.8000    1.0000    0.8000    0.8750    0.8889    0.3333    0.1000         0
    1.0000    0.8889    0.5556    0.7000    0.6000         0    0.1250    0.1000
    1.0000    1.0000    0.9000    1.0000    0.8000    0.4000         0    0.1000
    1.0000    0.8889    0.8750    1.0000    0.8889    0.4444    0.2222    0.1111
    1.0000    0.9000    1.0000    0.9000    1.0000    0.2222         0         0
    1.0000    0.8889    0.8889    0.9000    0.6250    0.1111    0.2222         0
    1.0000    1.0000    1.0000    1.0000    1.0000    0.4000    0.1111    0.1000
    1.0000    1.0000    1.0000    1.0000    1.0000    0.2222    0.2500    0.1111
    1.0000    1.0000    0.8889    0.8889    0.9000    0.3333    0.2222    0.1111
    1.0000    1.0000    0.8000    1.0000    0.7000    0.1000         0         0
    1.0000    1.0000    1.0000    0.9000    1.0000    0.1250    0.1111         0
    0.8889    0.8889    1.0000    0.9000    0.8889         0         0         0
    0.8000    1.0000    1.0000    1.0000    0.9000    0.2222         0    0.2000


anova_comparison_data_matrix(:,:,2) =

    0.9167    1.0000    1.0000    0.9000    0.8889         0    0.1000         0
    0.9231    0.9000    1.0000    0.8750    1.0000    0.2000    0.1000    0.2000
    1.0000    0.8889    0.8889    1.0000    0.9000    0.2500    0.2222         0
    0.8182    0.8889    0.9000    1.0000    1.0000    0.2222    0.2222         0
    1.0000    1.0000    1.0000    1.0000    1.0000    0.2000    0.1250    0.2222
    1.0000    1.0000    1.0000    0.9000    0.9000    0.1000         0    0.1250
    0.9000    0.9000    1.0000    1.0000    0.6667    0.2000    0.1000    0.1000
    0.8000    1.0000    1.0000    1.0000    0.8750    0.1111    0.2000    0.2000
    1.0000    0.8889    1.0000    0.8889    0.8889    0.2000    0.2222         0
    1.0000    0.7143    0.8000    1.0000    0.8000    0.1250    0.1000    0.1000
    1.0000    1.0000    0.9000    0.9000    1.0000    0.5000    0.2000         0
    1.0000    0.8889    1.0000    1.0000    1.0000         0         0    0.1000
    1.0000    0.9000    1.0000    1.0000    0.9000    0.1111    0.2222    0.2000
    1.0000    1.0000    1.0000    0.8750    1.0000    0.1000         0    0.2000
    1.0000    0.8571    0.8889    1.0000    0.6667         0    0.1111    0.1111
    1.0000    1.0000    0.8750    1.0000    0.8571    0.1000    0.2000    0.1111
    1.0000    1.0000    1.0000    0.8571    1.0000    0.1000    0.1000    0.1250
    1.0000    1.0000    1.0000    1.0000    1.0000    0.3333         0    0.2000
    0.8889    0.9000    0.9000    1.0000    0.8000    0.4000    0.1250    0.1000
    0.8000    0.8889    1.0000    0.8571    0.8000    0.1000    0.1000         0


reshaped_participant_data_matrix =

    0.6441    0.6007
    0.6168    0.6498
    0.6594    0.6438
    0.6509    0.6314
    0.6910    0.6934
    0.6797    0.6281
    0.7059    0.6083
    0.5997    0.6483
    0.4962    0.6361
    0.6500    0.5799
    0.6788    0.6875
    0.6278    0.6236
    0.5795    0.6667
    0.7014    0.6469
    0.6979    0.5794
    0.6681    0.6429
    0.5750    0.6478
    0.6420    0.6917
    0.5708    0.6392
    0.6403    0.5683


p_value_interaction =

   5.0000e-04


p_value_main_effect_model =

    0.8376

linf_random_vs_standard_resnet50 Full ANOVA
                                      SumSq       DF       MeanSq         F          pValue        pValueGG      pValueHF      pValueLB     partial_etaSquared
                                    __________    ___    __________    ________    ___________    __________    __________    __________    __________________

    (Intercept)                         129.94      1        129.94      8725.5     9.0981e-27    9.0981e-27    9.0981e-27    9.0981e-27              NaN     
    Error                              0.28294     19      0.014891                                                                                   NaN     
    (Intercept):layer                    47.07      7        6.7244      708.82    5.5962e-102    2.2545e-65    7.3514e-87    1.6633e-16          0.97389     
    Error(layer)                        1.2617    133     0.0094867                                                                                   NaN     
    (Intercept):model_type          0.00075665      1    0.00075665    0.042074        0.83966       0.83966       0.83966       0.83966        0.0022095     
    Error(model_type)                  0.34169     19      0.017984                                                                                   NaN     
    (Intercept):layer:model_type       0.20838      7      0.029768      4.1502     0.00036824     0.0037191     0.0012534      0.055804          0.17927     
    Error(layer:model_type)            0.95397    133     0.0071727                                                                                   NaN     

F(model) main effect: 0.042074
p_value main effect : 0.8376
F(model, stage) interaction: 4.1502
p_value interaction : 0.0005
