######### | Visual Networks: Robust ResNet50 Experiment - linf4_adversarial_vs_standard_resnet50 | #########
NUM_PERMUTATIONS = 10000
MODELS_INCLUDED_IN_ANOVA: resnet50, resnet50_linf_4_robust

model_idx =

     1     3


anova_comparison_data_matrix(:,:,1) =

  Columns 1 through 7

    0.9167    0.9000    1.0000    1.0000    0.7778    0.3333    0.1000
    0.9231    0.9000    0.8889    0.9000    1.0000    0.1111    0.1111
    1.0000    1.0000    0.8750    1.0000    0.8000    0.5000    0.1000
    0.8182    1.0000    0.8889    1.0000    1.0000    0.5000         0
    1.0000    0.8750    0.8750    1.0000    1.0000    0.3333    0.2222
    1.0000    1.0000    0.8571    1.0000    0.9000    0.5556    0.1250
    0.9000    1.0000    1.0000    0.8889    0.9000    0.6250    0.1111
    0.8000    1.0000    0.8000    0.8750    0.8889    0.3333    0.1000
    1.0000    0.8889    0.5556    0.7000    0.6000         0    0.1250
    1.0000    1.0000    0.9000    1.0000    0.8000    0.4000         0
    1.0000    0.8889    0.8750    1.0000    0.8889    0.4444    0.2222
    1.0000    0.9000    1.0000    0.9000    1.0000    0.2222         0
    1.0000    0.8889    0.8889    0.9000    0.6250    0.1111    0.2222
    1.0000    1.0000    1.0000    1.0000    1.0000    0.4000    0.1111
    1.0000    1.0000    1.0000    1.0000    1.0000    0.2222    0.2500
    1.0000    1.0000    0.8889    0.8889    0.9000    0.3333    0.2222
    1.0000    1.0000    0.8000    1.0000    0.7000    0.1000         0
    1.0000    1.0000    1.0000    0.9000    1.0000    0.1250    0.1111
    0.8889    0.8889    1.0000    0.9000    0.8889         0         0
    0.8000    1.0000    1.0000    1.0000    0.9000    0.2222         0

  Column 8

    0.1250
    0.1000
         0
         0
    0.2222
         0
    0.2222
         0
    0.1000
    0.1000
    0.1111
         0
         0
    0.1000
    0.1111
    0.1111
         0
         0
         0
    0.2000


anova_comparison_data_matrix(:,:,2) =

  Columns 1 through 7

    0.9167    1.0000    1.0000    0.9000    1.0000    0.7778    0.8000
    0.9231    0.8889    1.0000    1.0000    0.8889    0.7500    0.8000
    1.0000    0.9000    1.0000    0.8000    0.7778    0.9000    0.6250
    0.8182    1.0000    0.9000    0.8889    1.0000    0.8889    1.0000
    1.0000    1.0000    0.9000    0.8889    1.0000    0.8889    0.8000
    1.0000    0.9000    0.9000    0.7778    1.0000    0.7500    0.5000
    0.9000    1.0000    0.9000    1.0000    1.0000    0.7778    0.7000
    0.8000    0.9000    0.8000    1.0000    0.9000    1.0000    0.8889
    1.0000    0.8889    0.8750    0.7000    0.8000    0.6667    0.4000
    1.0000    0.7778    0.8000    0.7778    1.0000    1.0000    0.8000
    1.0000    0.8889    1.0000    1.0000    0.9000    1.0000    0.6000
    1.0000    0.8889    1.0000    0.8889    1.0000    0.8000    0.6250
    1.0000    0.8889    0.8889    0.8889    0.5000    0.9000    0.6000
    1.0000    0.9000    0.8889    1.0000    1.0000    0.8889    0.7000
    1.0000    0.9000    1.0000    0.8000    0.7778    0.9000    0.7000
    1.0000    0.8000    0.9000    1.0000    1.0000    0.9000    0.8000
    1.0000    1.0000    0.8889    1.0000    0.9000    0.8750    0.5000
    1.0000    1.0000    0.9000    0.8000    0.8889    0.9000    0.7000
    0.8889    0.8889    1.0000    0.8000    1.0000    0.9000    0.6000
    0.8000    1.0000    0.9000    1.0000    1.0000    0.9000    0.5000

  Column 8

    0.9000
    0.4000
    0.5000
    0.7000
    0.4000
    0.8000
    0.7000
    0.7500
    0.5000
    0.5000
    0.6000
    0.7778
    0.7000
    0.7778
    0.5714
    0.6667
    0.4000
    0.2500
    0.8000
    0.4000


reshaped_participant_data_matrix =

    0.6441    0.9118
    0.6168    0.8314
    0.6594    0.8128
    0.6509    0.8995
    0.6910    0.8597
    0.6797    0.8285
    0.7059    0.8722
    0.5997    0.8799
    0.4962    0.7288
    0.6500    0.8319
    0.6788    0.8736
    0.6278    0.8726
    0.5795    0.7958
    0.7014    0.8944
    0.6979    0.8312
    0.6681    0.8833
    0.5750    0.8205
    0.6420    0.8049
    0.5708    0.8597
    0.6403    0.8125


p_value_interaction =

   1.0000e-04


p_value_main_effect_model =

   1.0000e-04

linf4_adversarial_vs_standard_resnet50 Full ANOVA
                                     SumSq     DF      MeanSq        F         pValue       pValueGG      pValueHF      pValueLB     partial_etaSquared
                                    _______    ___    _________    ______    __________    __________    __________    __________    __________________

    (Intercept)                      176.18      1       176.18    5940.4    3.4772e-25    3.4772e-25    3.4772e-25    3.4772e-25             NaN      
    Error                           0.56351     19     0.029659                                                                               NaN      
    (Intercept):layer                19.053      7       2.7219     224.6    1.9957e-70    2.3848e-55    1.9957e-70    5.5912e-12           0.922      
    Error(layer)                     1.6118    133     0.012119                                                                               NaN      
    (Intercept):model_type           3.4112      1       3.4112    403.03    2.9734e-14    2.9734e-14    2.9734e-14    2.9734e-14         0.95498      
    Error(model_type)               0.16081     19    0.0084639                                                                               NaN      
    (Intercept):layer:model_type     6.0566      7      0.86522    88.583    6.0573e-47    3.6334e-29    9.3761e-38    1.3845e-08         0.82339      
    Error(layer:model_type)          1.2991    133    0.0097674                                                                               NaN      

F(model) main effect: 403.0333
p_value main effect : 0.0001
F(model, stage) interaction: 88.5829
p_value interaction : 0.0001
