######### | Visual Networks: Robust ResNet50 Experiment - linf8_adversarial_vs_standard_resnet50 | #########
NUM_PERMUTATIONS = 10000
MODELS_INCLUDED_IN_ANOVA: resnet50, resnet50_linf_8_robust

model_idx =

     1     4


anova_comparison_data_matrix(:,:,1) =

    0.9167    0.9000    1.0000    1.0000    0.7778    0.3333    0.1000    0.1250
    0.9231    0.9000    0.8889    0.9000    1.0000    0.1111    0.1111    0.1000
    1.0000    1.0000    0.8750    1.0000    0.8000    0.5000    0.1000         0
    0.8182    1.0000    0.8889    1.0000    1.0000    0.5000         0         0
    1.0000    0.8750    0.8750    1.0000    1.0000    0.3333    0.2222    0.2222
    1.0000    1.0000    0.8571    1.0000    0.9000    0.5556    0.1250         0
    0.9000    1.0000    1.0000    0.8889    0.9000    0.6250    0.1111    0.2222
    0.8000    1.0000    0.8000    0.8750    0.8889    0.3333    0.1000         0
    1.0000    0.8889    0.5556    0.7000    0.6000         0    0.1250    0.1000
    1.0000    1.0000    0.9000    1.0000    0.8000    0.4000         0    0.1000
    1.0000    0.8889    0.8750    1.0000    0.8889    0.4444    0.2222    0.1111
    1.0000    0.9000    1.0000    0.9000    1.0000    0.2222         0         0
    1.0000    0.8889    0.8889    0.9000    0.6250    0.1111    0.2222         0
    1.0000    1.0000    1.0000    1.0000    1.0000    0.4000    0.1111    0.1000
    1.0000    1.0000    1.0000    1.0000    1.0000    0.2222    0.2500    0.1111
    1.0000    1.0000    0.8889    0.8889    0.9000    0.3333    0.2222    0.1111
    1.0000    1.0000    0.8000    1.0000    0.7000    0.1000         0         0
    1.0000    1.0000    1.0000    0.9000    1.0000    0.1250    0.1111         0
    0.8889    0.8889    1.0000    0.9000    0.8889         0         0         0
    0.8000    1.0000    1.0000    1.0000    0.9000    0.2222         0    0.2000


anova_comparison_data_matrix(:,:,2) =

    0.9167    1.0000    1.0000    0.8750    0.9000    0.8889    0.6250    0.3000
    0.9231    0.8333    0.8889    1.0000    1.0000    0.9000    0.6667    0.8889
    1.0000    0.8889    1.0000    1.0000    0.8889    0.8000    0.5000    0.6667
    0.8182    1.0000    0.8750    1.0000    0.9000    1.0000    0.4000    0.9000
    1.0000    1.0000    1.0000    0.9000    1.0000    0.8889    0.5556    0.8000
    1.0000    0.6667    1.0000    1.0000    0.8000    1.0000    0.7000    0.6000
    0.9000    1.0000    1.0000    1.0000    1.0000    0.9000    1.0000    0.8889
    0.8000    1.0000    0.9000    1.0000    0.9000    0.6000    0.1250    0.5000
    1.0000    0.6000    0.8750    0.7500    0.8750    0.6250    0.6000    0.6250
    1.0000    0.7000    1.0000    0.8889    0.7778    0.5556    0.8000    0.5556
    1.0000    1.0000    1.0000    0.9000    0.8889    0.7778    0.6000    0.2000
    1.0000    1.0000    1.0000    0.9000    0.7000    0.8889    0.8750    0.7000
    1.0000    1.0000    0.9000    0.9000    1.0000    0.7000    0.5000    0.4286
    1.0000    1.0000    1.0000    0.8889    1.0000    0.7500    0.6667    0.6000
    1.0000    1.0000    0.8000    1.0000    1.0000    0.9000    0.5000    0.7000
    1.0000    0.9000    0.9000    0.6667    0.7000    0.9000    0.8000    0.7000
    1.0000    0.8000    1.0000    0.9000    1.0000    0.8000    0.8000    0.4444
    1.0000    1.0000    0.8889    1.0000    0.7778    0.7778    0.7000    0.6667
    0.8889    1.0000    0.6667    0.8889    0.7778    0.7000    0.3750    0.7000
    0.8000    1.0000    1.0000    0.8000    0.8000    1.0000    0.3333    0.5556


reshaped_participant_data_matrix =

    0.6441    0.8132
    0.6168    0.8876
    0.6594    0.8431
    0.6509    0.8616
    0.6910    0.8931
    0.6797    0.8458
    0.7059    0.9611
    0.5997    0.7281
    0.4962    0.7437
    0.6500    0.7847
    0.6788    0.7958
    0.6278    0.8830
    0.5795    0.8036
    0.7014    0.8632
    0.6979    0.8625
    0.6681    0.8208
    0.5750    0.8431
    0.6420    0.8514
    0.5708    0.7497
    0.6403    0.7861


p_value_interaction =

   1.0000e-04


p_value_main_effect_model =

   1.0000e-04

linf8_adversarial_vs_standard_resnet50 Full ANOVA
                                     SumSq     DF      MeanSq        F         pValue       pValueGG      pValueHF      pValueLB     partial_etaSquared
                                    _______    ___    _________    ______    __________    __________    __________    __________    __________________

    (Intercept)                      172.83      1       172.83    4373.1    6.3172e-24    6.3172e-24    6.3172e-24    6.3172e-24             NaN      
    Error                           0.75091     19     0.039521                                                                               NaN      
    (Intercept):layer                20.255      7       2.8936    217.44    1.4413e-69    6.7797e-40     7.931e-51    7.4313e-12         0.91964      
    Error(layer)                     1.7699    133     0.013308                                                                               NaN      
    (Intercept):model_type           2.9585      1       2.9585     315.3    2.7362e-13    2.7362e-13    2.7362e-13    2.7362e-13         0.94317      
    Error(model_type)               0.17828     19    0.0093829                                                                               NaN      
    (Intercept):layer:model_type     5.2938      7      0.75625    57.858    2.5082e-37    9.4858e-24    8.9574e-31     3.516e-07         0.75279      
    Error(layer:model_type)          1.7384    133     0.013071                                                                               NaN      

F(model) main effect: 315.3031
p_value main effect : 0.0001
F(model, stage) interaction: 57.8581
p_value interaction : 0.0001
