######### | Visual Networks: Robust ResNet50 Experiment - linf8_adversarial_vs_linf8_random | #########
NUM_PERMUTATIONS = 10000
MODELS_INCLUDED_IN_ANOVA: resnet50_linf_8_robust, resnet50_random_linf8_perturb

model_idx =

     4     6


anova_comparison_data_matrix(:,:,1) =

    0.9167    1.0000    1.0000    0.8750    0.9000    0.8889    0.6250    0.3000
    0.9231    0.8333    0.8889    1.0000    1.0000    0.9000    0.6667    0.8889
    1.0000    0.8889    1.0000    1.0000    0.8889    0.8000    0.5000    0.6667
    0.8182    1.0000    0.8750    1.0000    0.9000    1.0000    0.4000    0.9000
    1.0000    1.0000    1.0000    0.9000    1.0000    0.8889    0.5556    0.8000
    1.0000    0.6667    1.0000    1.0000    0.8000    1.0000    0.7000    0.6000
    0.9000    1.0000    1.0000    1.0000    1.0000    0.9000    1.0000    0.8889
    0.8000    1.0000    0.9000    1.0000    0.9000    0.6000    0.1250    0.5000
    1.0000    0.6000    0.8750    0.7500    0.8750    0.6250    0.6000    0.6250
    1.0000    0.7000    1.0000    0.8889    0.7778    0.5556    0.8000    0.5556
    1.0000    1.0000    1.0000    0.9000    0.8889    0.7778    0.6000    0.2000
    1.0000    1.0000    1.0000    0.9000    0.7000    0.8889    0.8750    0.7000
    1.0000    1.0000    0.9000    0.9000    1.0000    0.7000    0.5000    0.4286
    1.0000    1.0000    1.0000    0.8889    1.0000    0.7500    0.6667    0.6000
    1.0000    1.0000    0.8000    1.0000    1.0000    0.9000    0.5000    0.7000
    1.0000    0.9000    0.9000    0.6667    0.7000    0.9000    0.8000    0.7000
    1.0000    0.8000    1.0000    0.9000    1.0000    0.8000    0.8000    0.4444
    1.0000    1.0000    0.8889    1.0000    0.7778    0.7778    0.7000    0.6667
    0.8889    1.0000    0.6667    0.8889    0.7778    0.7000    0.3750    0.7000
    0.8000    1.0000    1.0000    0.8000    0.8000    1.0000    0.3333    0.5556


anova_comparison_data_matrix(:,:,2) =

    0.9167    1.0000    1.0000    0.9000    0.8889         0    0.1000         0
    0.9231    0.9000    1.0000    0.8750    1.0000    0.2000    0.1000    0.2000
    1.0000    0.8889    0.8889    1.0000    0.9000    0.2500    0.2222         0
    0.8182    0.8889    0.9000    1.0000    1.0000    0.2222    0.2222         0
    1.0000    1.0000    1.0000    1.0000    1.0000    0.2000    0.1250    0.2222
    1.0000    1.0000    1.0000    0.9000    0.9000    0.1000         0    0.1250
    0.9000    0.9000    1.0000    1.0000    0.6667    0.2000    0.1000    0.1000
    0.8000    1.0000    1.0000    1.0000    0.8750    0.1111    0.2000    0.2000
    1.0000    0.8889    1.0000    0.8889    0.8889    0.2000    0.2222         0
    1.0000    0.7143    0.8000    1.0000    0.8000    0.1250    0.1000    0.1000
    1.0000    1.0000    0.9000    0.9000    1.0000    0.5000    0.2000         0
    1.0000    0.8889    1.0000    1.0000    1.0000         0         0    0.1000
    1.0000    0.9000    1.0000    1.0000    0.9000    0.1111    0.2222    0.2000
    1.0000    1.0000    1.0000    0.8750    1.0000    0.1000         0    0.2000
    1.0000    0.8571    0.8889    1.0000    0.6667         0    0.1111    0.1111
    1.0000    1.0000    0.8750    1.0000    0.8571    0.1000    0.2000    0.1111
    1.0000    1.0000    1.0000    0.8571    1.0000    0.1000    0.1000    0.1250
    1.0000    1.0000    1.0000    1.0000    1.0000    0.3333         0    0.2000
    0.8889    0.9000    0.9000    1.0000    0.8000    0.4000    0.1250    0.1000
    0.8000    0.8889    1.0000    0.8571    0.8000    0.1000    0.1000         0


reshaped_participant_data_matrix =

    0.8132    0.6007
    0.8876    0.6498
    0.8431    0.6438
    0.8616    0.6314
    0.8931    0.6934
    0.8458    0.6281
    0.9611    0.6083
    0.7281    0.6483
    0.7437    0.6361
    0.7847    0.5799
    0.7958    0.6875
    0.8830    0.6236
    0.8036    0.6667
    0.8632    0.6469
    0.8625    0.5794
    0.8208    0.6429
    0.8431    0.6478
    0.8514    0.6917
    0.7497    0.6392
    0.7861    0.5683


p_value_interaction =

   1.0000e-04


p_value_main_effect_model =

   1.0000e-04

linf8_adversarial_vs_linf8_random Full ANOVA
                                     SumSq     DF      MeanSq       F         pValue       pValueGG      pValueHF      pValueLB     partial_etaSquared
                                    _______    ___    ________    ______    __________    __________    __________    __________    __________________

    (Intercept)                      172.11      1      172.11    9142.1    5.8468e-27    5.8468e-27    5.8468e-27    5.8468e-27             NaN      
    Error                           0.35769     19    0.018826                                                                               NaN      
    (Intercept):layer                21.039      7      3.0055    243.42    1.4352e-72    7.6431e-50    1.7045e-67    2.7494e-12          0.9276      
    Error(layer)                     1.6422    133    0.012347                                                                               NaN      
    (Intercept):model_type           3.0539      1      3.0539     176.3    4.6065e-11    4.6065e-11    4.6065e-11    4.6065e-11         0.90271      
    Error(model_type)               0.32912     19    0.017322                                                                               NaN      
    (Intercept):layer:model_type     6.1995      7     0.88564     75.64    2.8343e-43    2.0364e-27    1.2137e-35    4.7412e-08         0.79924      
    Error(layer:model_type)          1.5572    133    0.011709                                                                               NaN      

F(model) main effect: 176.2995
p_value main effect : 0.0001
F(model, stage) interaction: 75.6402
p_value interaction : 0.0001
