######### | Visual Networks: Robust ResNet50 Experiment - l2_random_vs_standard_resnet50 | #########
NUM_PERMUTATIONS = 10000
MODELS_INCLUDED_IN_ANOVA: resnet50, resnet50_random_l2_perturb

model_idx =

     1     5


anova_comparison_data_matrix(:,:,1) =

    0.9167    0.9000    1.0000    1.0000    0.7778    0.3333    0.1000    0.1250
    0.9231    0.9000    0.8889    0.9000    1.0000    0.1111    0.1111    0.1000
    1.0000    1.0000    0.8750    1.0000    0.8000    0.5000    0.1000         0
    0.8182    1.0000    0.8889    1.0000    1.0000    0.5000         0         0
    1.0000    0.8750    0.8750    1.0000    1.0000    0.3333    0.2222    0.2222
    1.0000    1.0000    0.8571    1.0000    0.9000    0.5556    0.1250         0
    0.9000    1.0000    1.0000    0.8889    0.9000    0.6250    0.1111    0.2222
    0.8000    1.0000    0.8000    0.8750    0.8889    0.3333    0.1000         0
    1.0000    0.8889    0.5556    0.7000    0.6000         0    0.1250    0.1000
    1.0000    1.0000    0.9000    1.0000    0.8000    0.4000         0    0.1000
    1.0000    0.8889    0.8750    1.0000    0.8889    0.4444    0.2222    0.1111
    1.0000    0.9000    1.0000    0.9000    1.0000    0.2222         0         0
    1.0000    0.8889    0.8889    0.9000    0.6250    0.1111    0.2222         0
    1.0000    1.0000    1.0000    1.0000    1.0000    0.4000    0.1111    0.1000
    1.0000    1.0000    1.0000    1.0000    1.0000    0.2222    0.2500    0.1111
    1.0000    1.0000    0.8889    0.8889    0.9000    0.3333    0.2222    0.1111
    1.0000    1.0000    0.8000    1.0000    0.7000    0.1000         0         0
    1.0000    1.0000    1.0000    0.9000    1.0000    0.1250    0.1111         0
    0.8889    0.8889    1.0000    0.9000    0.8889         0         0         0
    0.8000    1.0000    1.0000    1.0000    0.9000    0.2222         0    0.2000


anova_comparison_data_matrix(:,:,2) =

    0.9167    1.0000    1.0000    1.0000    1.0000    0.2500         0    0.1000
    0.9231    0.9000    1.0000    1.0000    0.7778    0.1000    0.1250         0
    1.0000    0.8750    1.0000    0.8750    0.8000    0.2000    0.1000    0.1000
    0.8182    1.0000    1.0000    1.0000    1.0000    0.1111    0.1000    0.1000
    1.0000    1.0000    1.0000    1.0000    1.0000    0.2222    0.1000    0.2222
    1.0000    1.0000    1.0000    1.0000    0.8889    0.3000         0         0
    0.9000    1.0000    0.8889    1.0000    0.8889    0.2222         0    0.4444
    0.8000    1.0000    0.9000    1.0000    0.7778         0         0    0.2000
    1.0000    0.9000    0.9000    0.8889    0.8000         0    0.2000    0.1000
    1.0000    0.8889    0.8889    0.9000    0.9000    0.1250         0         0
    1.0000    1.0000    1.0000    1.0000    0.9000         0    0.1667    0.1000
    1.0000    1.0000    0.9000    1.0000    0.8889    0.2222         0    0.1111
    1.0000    1.0000    1.0000    1.0000    0.8000    0.1000         0    0.1000
    1.0000    1.0000    1.0000    1.0000    0.8750    0.2222    0.1250    0.3333
    1.0000    1.0000    0.8889    0.8889    0.8000    0.1000         0         0
    1.0000    0.9000    0.7500    1.0000    0.8000         0    0.2500         0
    1.0000    0.9000    1.0000    0.9000    0.8889    0.2222         0         0
    1.0000    1.0000    0.9000    1.0000    0.8000    0.1000    0.2000         0
    0.8889    1.0000    0.7000    0.7000    0.8889         0    0.2222         0
    0.8000    1.0000    1.0000    0.7778    0.8000         0    0.1111    0.1111


reshaped_participant_data_matrix =

    0.6441    0.6583
    0.6168    0.6032
    0.6594    0.6187
    0.6509    0.6412
    0.6910    0.6931
    0.6797    0.6486
    0.7059    0.6681
    0.5997    0.5847
    0.4962    0.5986
    0.6500    0.5878
    0.6788    0.6458
    0.6278    0.6403
    0.5795    0.6250
    0.7014    0.6944
    0.6979    0.5847
    0.6681    0.5875
    0.5750    0.6139
    0.6420    0.6250
    0.5708    0.5500
    0.6403    0.5750


p_value_interaction =

   1.0000e-04


p_value_main_effect_model =

    0.1339

l2_random_vs_standard_resnet50 Full ANOVA
                                     SumSq      DF      MeanSq        F         pValue        pValueGG      pValueHF      pValueLB     partial_etaSquared
                                    ________    ___    _________    ______    ___________    __________    __________    __________    __________________

    (Intercept)                        127.2      1        127.2    4870.4     2.2797e-24    2.2797e-24    2.2797e-24    2.2797e-24             NaN      
    Error                            0.49623     19     0.026117                                                                                NaN      
    (Intercept):layer                 48.468      7       6.9241    708.97    5.5186e-102    1.4324e-57    1.7401e-73      1.66e-16          0.9739      
    Error(layer)                      1.2989    133    0.0097663                                                                                NaN      
    (Intercept):model_type          0.021926      1     0.021926    2.4338        0.13525       0.13525       0.13525       0.13525         0.11355      
    Error(model_type)                0.17117     19    0.0090089                                                                                NaN      
    (Intercept):layer:model_type     0.28768      7     0.041097    6.0922     3.5082e-06    8.4379e-05    6.3162e-06      0.023243         0.24279      
    Error(layer:model_type)          0.89718    133    0.0067457                                                                                NaN      

F(model) main effect: 2.4338
p_value main effect : 0.1339
F(model, stage) interaction: 6.0922
p_value interaction : 0.0001
