######### | Visual Networks: Robust ResNet50 Experiment - l2_adversarial_vs_l2_random_resnet50 | #########
NUM_PERMUTATIONS = 10000
MODELS_INCLUDED_IN_ANOVA: resnet50_l2_3_robust, resnet50_random_l2_perturb

model_idx =

     2     5


anova_comparison_data_matrix(:,:,1) =

    0.9167    1.0000    1.0000    1.0000    1.0000    0.9000    0.7778    0.7778
    0.9231    1.0000    1.0000    1.0000    1.0000    1.0000    0.8750    0.3000
    1.0000    1.0000    0.8889    0.8889    1.0000    1.0000    0.6250    0.5556
    0.8182    1.0000    1.0000    1.0000    1.0000    0.7778    0.6667    0.5000
    1.0000    0.9000    1.0000    1.0000    1.0000    1.0000    0.9000    0.7778
    1.0000    0.9000    1.0000    1.0000    1.0000    0.6667    0.8000    0.6667
    0.9000    1.0000    1.0000    1.0000    1.0000    1.0000    1.0000    0.6667
    0.8000    0.9000    0.9000    1.0000    0.9000    0.8000    0.8000    0.7778
    1.0000    1.0000    0.9000    0.8889    0.7778    0.9000    0.7778    0.8000
    1.0000    1.0000    0.5556    0.8750    1.0000    1.0000    0.7143    0.4444
    1.0000    0.8889    0.7778    1.0000    0.8889    0.8000    0.5556    0.6250
    1.0000    1.0000    1.0000    1.0000    1.0000    1.0000    0.8889    0.8750
    1.0000    1.0000    0.6250    1.0000    1.0000    0.8000    0.7500    0.5556
    1.0000    0.8750    1.0000    1.0000    1.0000    1.0000    0.7500    0.6000
    1.0000    0.7000    0.7778    1.0000    0.7000    0.7778    1.0000    0.7778
    1.0000    1.0000    1.0000    0.9000    0.9000    0.6000    0.4286    0.7500
    1.0000    1.0000    1.0000    1.0000    1.0000    0.9000    0.6667    0.5000
    1.0000    0.8889    1.0000    1.0000    0.8889    1.0000    0.8750    0.7778
    0.8889    0.8889    0.8000    0.6250    0.8889    0.9000    0.4444    0.4444
    0.8000    0.8571    0.9000    1.0000    1.0000    0.7778    0.7000    0.7000


anova_comparison_data_matrix(:,:,2) =

    0.9167    1.0000    1.0000    1.0000    1.0000    0.2500         0    0.1000
    0.9231    0.9000    1.0000    1.0000    0.7778    0.1000    0.1250         0
    1.0000    0.8750    1.0000    0.8750    0.8000    0.2000    0.1000    0.1000
    0.8182    1.0000    1.0000    1.0000    1.0000    0.1111    0.1000    0.1000
    1.0000    1.0000    1.0000    1.0000    1.0000    0.2222    0.1000    0.2222
    1.0000    1.0000    1.0000    1.0000    0.8889    0.3000         0         0
    0.9000    1.0000    0.8889    1.0000    0.8889    0.2222         0    0.4444
    0.8000    1.0000    0.9000    1.0000    0.7778         0         0    0.2000
    1.0000    0.9000    0.9000    0.8889    0.8000         0    0.2000    0.1000
    1.0000    0.8889    0.8889    0.9000    0.9000    0.1250         0         0
    1.0000    1.0000    1.0000    1.0000    0.9000         0    0.1667    0.1000
    1.0000    1.0000    0.9000    1.0000    0.8889    0.2222         0    0.1111
    1.0000    1.0000    1.0000    1.0000    0.8000    0.1000         0    0.1000
    1.0000    1.0000    1.0000    1.0000    0.8750    0.2222    0.1250    0.3333
    1.0000    1.0000    0.8889    0.8889    0.8000    0.1000         0         0
    1.0000    0.9000    0.7500    1.0000    0.8000         0    0.2500         0
    1.0000    0.9000    1.0000    0.9000    0.8889    0.2222         0         0
    1.0000    1.0000    0.9000    1.0000    0.8000    0.1000    0.2000         0
    0.8889    1.0000    0.7000    0.7000    0.8889         0    0.2222         0
    0.8000    1.0000    1.0000    0.7778    0.8000         0    0.1111    0.1111


reshaped_participant_data_matrix =

    0.9215    0.6583
    0.8873    0.6032
    0.8698    0.6187
    0.8453    0.6412
    0.9472    0.6931
    0.8792    0.6486
    0.9458    0.6681
    0.8597    0.5847
    0.8806    0.5986
    0.8237    0.5878
    0.8170    0.6458
    0.9705    0.6403
    0.8413    0.6250
    0.9031    0.6944
    0.8417    0.5847
    0.8223    0.5875
    0.8833    0.6139
    0.9288    0.6250
    0.7351    0.5500
    0.8419    0.5750


p_value_interaction =

   1.0000e-04


p_value_main_effect_model =

   1.0000e-04

l2_adversarial_vs_l2_random_resnet50 Full ANOVA
                                     SumSq     DF      MeanSq        F         pValue       pValueGG      pValueHF      pValueLB     partial_etaSquared
                                    _______    ___    _________    ______    __________    __________    __________    __________    __________________

    (Intercept)                      178.67      1       178.67      5861    3.9498e-25    3.9498e-25    3.9498e-25    3.9498e-25             NaN      
    Error                           0.57921     19     0.030485                                                                               NaN      
    (Intercept):layer                19.663      7        2.809    284.59    9.1072e-77    3.1855e-53    2.1409e-72    6.8536e-13         0.93742      
    Error(layer)                     1.3128    133    0.0098703                                                                               NaN      
    (Intercept):model_type           5.0021      1       5.0021     792.3    5.9219e-17    5.9219e-17    5.9219e-17    5.9219e-17         0.97658      
    Error(model_type)               0.11995     19    0.0063134                                                                               NaN      
    (Intercept):layer:model_type     8.1506      7       1.1644    126.47    1.3373e-55    7.3348e-32    2.2308e-40    7.6899e-10         0.86939      
    Error(layer:model_type)          1.2245    133    0.0092065                                                                               NaN      

F(model) main effect: 792.2959
p_value main effect : 0.0001
F(model, stage) interaction: 126.4727
p_value interaction : 0.0001
