######### | Visual Networks: Robust ResNet50 Experiment - l2_adversarial_vs_standard_resnet50 | #########
NUM_PERMUTATIONS = 10000
MODELS_INCLUDED_IN_ANOVA: resnet50, resnet50_l2_3_robust

model_idx =

     1     2


anova_comparison_data_matrix(:,:,1) =

  Columns 1 through 7

    0.9167    0.9000    1.0000    1.0000    0.7778    0.3333    0.1000
    0.9231    0.9000    0.8889    0.9000    1.0000    0.1111    0.1111
    1.0000    1.0000    0.8750    1.0000    0.8000    0.5000    0.1000
    0.8182    1.0000    0.8889    1.0000    1.0000    0.5000         0
    1.0000    0.8750    0.8750    1.0000    1.0000    0.3333    0.2222
    1.0000    1.0000    0.8571    1.0000    0.9000    0.5556    0.1250
    0.9000    1.0000    1.0000    0.8889    0.9000    0.6250    0.1111
    0.8000    1.0000    0.8000    0.8750    0.8889    0.3333    0.1000
    1.0000    0.8889    0.5556    0.7000    0.6000         0    0.1250
    1.0000    1.0000    0.9000    1.0000    0.8000    0.4000         0
    1.0000    0.8889    0.8750    1.0000    0.8889    0.4444    0.2222
    1.0000    0.9000    1.0000    0.9000    1.0000    0.2222         0
    1.0000    0.8889    0.8889    0.9000    0.6250    0.1111    0.2222
    1.0000    1.0000    1.0000    1.0000    1.0000    0.4000    0.1111
    1.0000    1.0000    1.0000    1.0000    1.0000    0.2222    0.2500
    1.0000    1.0000    0.8889    0.8889    0.9000    0.3333    0.2222
    1.0000    1.0000    0.8000    1.0000    0.7000    0.1000         0
    1.0000    1.0000    1.0000    0.9000    1.0000    0.1250    0.1111
    0.8889    0.8889    1.0000    0.9000    0.8889         0         0
    0.8000    1.0000    1.0000    1.0000    0.9000    0.2222         0

  Column 8

    0.1250
    0.1000
         0
         0
    0.2222
         0
    0.2222
         0
    0.1000
    0.1000
    0.1111
         0
         0
    0.1000
    0.1111
    0.1111
         0
         0
         0
    0.2000


anova_comparison_data_matrix(:,:,2) =

  Columns 1 through 7

    0.9167    1.0000    1.0000    1.0000    1.0000    0.9000    0.7778
    0.9231    1.0000    1.0000    1.0000    1.0000    1.0000    0.8750
    1.0000    1.0000    0.8889    0.8889    1.0000    1.0000    0.6250
    0.8182    1.0000    1.0000    1.0000    1.0000    0.7778    0.6667
    1.0000    0.9000    1.0000    1.0000    1.0000    1.0000    0.9000
    1.0000    0.9000    1.0000    1.0000    1.0000    0.6667    0.8000
    0.9000    1.0000    1.0000    1.0000    1.0000    1.0000    1.0000
    0.8000    0.9000    0.9000    1.0000    0.9000    0.8000    0.8000
    1.0000    1.0000    0.9000    0.8889    0.7778    0.9000    0.7778
    1.0000    1.0000    0.5556    0.8750    1.0000    1.0000    0.7143
    1.0000    0.8889    0.7778    1.0000    0.8889    0.8000    0.5556
    1.0000    1.0000    1.0000    1.0000    1.0000    1.0000    0.8889
    1.0000    1.0000    0.6250    1.0000    1.0000    0.8000    0.7500
    1.0000    0.8750    1.0000    1.0000    1.0000    1.0000    0.7500
    1.0000    0.7000    0.7778    1.0000    0.7000    0.7778    1.0000
    1.0000    1.0000    1.0000    0.9000    0.9000    0.6000    0.4286
    1.0000    1.0000    1.0000    1.0000    1.0000    0.9000    0.6667
    1.0000    0.8889    1.0000    1.0000    0.8889    1.0000    0.8750
    0.8889    0.8889    0.8000    0.6250    0.8889    0.9000    0.4444
    0.8000    0.8571    0.9000    1.0000    1.0000    0.7778    0.7000

  Column 8

    0.7778
    0.3000
    0.5556
    0.5000
    0.7778
    0.6667
    0.6667
    0.7778
    0.8000
    0.4444
    0.6250
    0.8750
    0.5556
    0.6000
    0.7778
    0.7500
    0.5000
    0.7778
    0.4444
    0.7000


reshaped_participant_data_matrix =

    0.6441    0.9215
    0.6168    0.8873
    0.6594    0.8698
    0.6509    0.8453
    0.6910    0.9472
    0.6797    0.8792
    0.7059    0.9458
    0.5997    0.8597
    0.4962    0.8806
    0.6500    0.8237
    0.6788    0.8170
    0.6278    0.9705
    0.5795    0.8413
    0.7014    0.9031
    0.6979    0.8417
    0.6681    0.8223
    0.5750    0.8833
    0.6420    0.9288
    0.5708    0.7351
    0.6403    0.8419


p_value_interaction =

   1.0000e-04


p_value_main_effect_model =

   1.0000e-04

l2_adversarial_vs_standard_resnet50 Full ANOVA
                                     SumSq     DF      MeanSq       F         pValue       pValueGG      pValueHF      pValueLB     partial_etaSquared
                                    _______    ___    ________    ______    __________    __________    __________    __________    __________________

    (Intercept)                      182.65      1      182.65    6234.6    2.1997e-25    2.1997e-25    2.1997e-25    2.1997e-25             NaN      
    Error                           0.55663     19    0.029297                                                                               NaN      
    (Intercept):layer                 18.15      7      2.5928    228.36    7.2259e-71    2.6338e-48    3.3465e-65    4.8309e-12         0.92319      
    Error(layer)                     1.5101    133    0.011354                                                                               NaN      
    (Intercept):model_type           4.3617      1      4.3617    242.22    2.8726e-12    2.8726e-12    2.8726e-12    2.8726e-12         0.92726      
    Error(model_type)               0.34214     19    0.018007                                                                               NaN      
    (Intercept):layer:model_type     6.4971      7     0.92816    91.062    1.3476e-47    1.1695e-29    1.9167e-38    1.1128e-08         0.82737      
    Error(layer:model_type)          1.3556    133    0.010193                                                                               NaN      

F(model) main effect: 242.2178
p_value main effect : 0.0001
F(model, stage) interaction: 91.0616
p_value interaction : 0.0001
