######### | Auditory Networks: Robust CochResNet50 Experiment, Waveform Adversaries - linf_adversarial_vs_standard_cochresnet50_waveform | #########
NUM_PERMUTATIONS = 10000
MODELS_INCLUDED_IN_ANOVA: cochresnet50, cochresnet50_linf_p002_robust_waveform

model_idx =

     1     4


anova_comparison_data_matrix(:,:,1) =

    0.8889    0.8889    0.8750    1.0000    1.0000    0.8000    0.1250         0    0.2222
    0.4444    0.6667    0.6667    0.8571    1.0000    0.6250         0    0.1111         0
    0.6667    0.7500    0.7778    1.0000    0.8571    0.7778         0    0.2222    0.2500
    0.8750    1.0000    0.6667    1.0000    0.8571    1.0000    0.1250    0.2222    0.1111
    0.5714    0.7778    0.7500    0.7143    0.6250    0.7143    0.1250    0.2222         0
    0.7778    0.7500    0.8571    0.8750    0.6667    0.8750         0    0.1250    0.5000
    1.0000    0.8889    0.7778    0.8889    0.6667    0.7500         0    0.2222         0
    1.0000    0.8889    1.0000    1.0000    0.7143    1.0000    0.3750    0.4444    0.4444
    0.7500    0.8571    1.0000    0.8333    0.7500    0.7778    0.2222    0.2857    0.2857
    0.7500    0.6250    0.6667    0.5714    0.7778    0.7500    0.2500         0         0
    1.0000    0.7143    0.8889    1.0000    1.0000    0.8750    0.1111         0         0
    0.7778    1.0000    0.7500    0.7500    1.0000    0.7778    0.1111    0.4444    0.5556
    0.8333    0.8889    0.8750    1.0000    0.8750    0.8750    0.1667    0.1111    0.2500
    0.8750    1.0000    0.8889    0.8889    0.7143    0.8750    0.2222    0.3750    0.3333
    1.0000    1.0000    1.0000    0.8889    0.7778    0.8889    0.3333    0.5000    0.5000
    0.5556    1.0000    1.0000    0.6667    0.8889    0.7778         0         0    0.2500
    0.8750    0.7778    1.0000    0.8750    1.0000    0.7778    0.3333    0.4286    0.5556
    0.6667    1.0000    0.6667    0.6250    0.7500    0.8333         0    0.1250    0.2500
    1.0000    0.8750    0.7143    0.8571    0.4286    1.0000         0    0.2222    0.2500
    1.0000    0.4286    1.0000    0.8571    0.8750    0.4286         0         0    0.1111


anova_comparison_data_matrix(:,:,2) =

    0.8889    1.0000    0.7500    0.7500    1.0000    1.0000    0.3333    0.1111    0.2500
    0.4444    0.8750    0.7500    0.6667    0.8571    0.5714         0         0    0.2500
    0.6667    1.0000    0.8750    0.8750    0.8889    1.0000    0.2222    0.1111    0.6250
    0.8750    1.0000    0.6250    1.0000    0.7500    0.7500    0.2000    0.2000    0.2222
    0.5714    0.5000    0.6250    0.7500    0.8750    0.6667    0.1111         0    0.1111
    0.7778    0.5000    0.8750    1.0000    0.8750    1.0000    0.5556    0.4444    0.2222
    1.0000    0.8889    1.0000    0.7500    1.0000    0.8750    0.1250         0    0.2500
    1.0000    0.6250    0.8750    0.8750    0.8571    1.0000    0.3750    0.3333    0.3750
    0.7500    1.0000    0.8750    1.0000    0.7143    1.0000    0.2500    0.4444    0.3333
    0.7500    0.8750    0.8889    0.7778    0.8750    0.6250    0.2500    0.1250         0
    1.0000    0.7143    1.0000    0.7500    1.0000    0.6250    0.2857    0.2500    0.1667
    0.7778    0.7778    1.0000    0.8333    1.0000    0.8750    0.1111    0.2222    0.4444
    0.8333    1.0000    0.8750    0.8750    0.8571    1.0000    0.4444    0.7500    0.3750
    0.8750    0.7778    1.0000    0.6667    1.0000    0.6667    0.4444    0.1250    0.3333
    1.0000    1.0000    1.0000    1.0000    0.8889    1.0000    0.5556    0.5556    0.2857
    0.5556    0.7500    0.8750    0.8750    0.6250    1.0000         0    0.1111    0.1250
    0.8750    0.7143    1.0000    0.8750    1.0000    1.0000    0.6250    0.4444    0.5000
    0.6667    0.8889    1.0000    0.8889    0.6667    1.0000    0.6667    0.1111         0
    1.0000    0.8750    0.8889    0.8889    0.8889    0.7500    0.3750         0    0.1250
    1.0000    0.8333    0.7500    0.8750    0.7143    1.0000    0.1111    0.1111    0.1429


reshaped_participant_data_matrix =

    0.6444    0.6759
    0.4857    0.4905
    0.5891    0.6960
    0.6508    0.6247
    0.5000    0.4678
    0.6030    0.6944
    0.5772    0.6543
    0.7630    0.7017
    0.6402    0.7075
    0.4879    0.5741
    0.6210    0.6435
    0.6852    0.6713
    0.6528    0.7789
    0.6858    0.6543
    0.7654    0.8095
    0.5710    0.5463
    0.7359    0.7815
    0.5463    0.6543
    0.5941    0.6435
    0.5223    0.6153


p_value_interaction =

    0.0400


p_value_main_effect_model =

    0.0070

linf_adversarial_vs_standard_cochresnet50_waveform Full ANOVA
                                     SumSq     DF      MeanSq       F         pValue       pValueGG      pValueHF      pValueLB     partial_etaSquared
                                    _______    ___    ________    ______    __________    __________    __________    __________    __________________

    (Intercept)                      145.24      1      145.24    1203.8    1.1974e-18    1.1974e-18    1.1974e-18    1.1974e-18             NaN      
    Error                            2.2923     19     0.12065                                                                               NaN      
    (Intercept):layer                30.293      8      3.7866    171.67    4.4443e-72    6.7332e-48    3.5582e-67    5.7938e-11         0.90035      
    Error(layer)                     3.3528    152    0.022058                                                                               NaN      
    (Intercept):model_type          0.13148      1     0.13148    9.2561     0.0067014     0.0067014     0.0067014     0.0067014         0.32758      
    Error(model_type)               0.26988     19    0.014204                                                                               NaN      
    (Intercept):layer:model_type    0.27001      8    0.033751    2.1169      0.037391      0.076334      0.053795         0.162         0.10025      
    Error(layer:model_type)          2.4234    152    0.015943                                                                               NaN      

F(model) main effect: 9.2561
p_value main effect : 0.007
F(model, stage) interaction: 2.1169
p_value interaction : 0.04
