######### | Auditory Networks: Robust CochResNet50 Experiment, Waveform Adversaries - linf_random_vs_standard_cochresnet50_waveform | #########
NUM_PERMUTATIONS = 10000
MODELS_INCLUDED_IN_ANOVA: cochresnet50, cochresnet50_linf_p002_random_step_waveform

model_idx =

     1     6


anova_comparison_data_matrix(:,:,1) =

    0.8889    0.8889    0.8750    1.0000    1.0000    0.8000    0.1250         0    0.2222
    0.4444    0.6667    0.6667    0.8571    1.0000    0.6250         0    0.1111         0
    0.6667    0.7500    0.7778    1.0000    0.8571    0.7778         0    0.2222    0.2500
    0.8750    1.0000    0.6667    1.0000    0.8571    1.0000    0.1250    0.2222    0.1111
    0.5714    0.7778    0.7500    0.7143    0.6250    0.7143    0.1250    0.2222         0
    0.7778    0.7500    0.8571    0.8750    0.6667    0.8750         0    0.1250    0.5000
    1.0000    0.8889    0.7778    0.8889    0.6667    0.7500         0    0.2222         0
    1.0000    0.8889    1.0000    1.0000    0.7143    1.0000    0.3750    0.4444    0.4444
    0.7500    0.8571    1.0000    0.8333    0.7500    0.7778    0.2222    0.2857    0.2857
    0.7500    0.6250    0.6667    0.5714    0.7778    0.7500    0.2500         0         0
    1.0000    0.7143    0.8889    1.0000    1.0000    0.8750    0.1111         0         0
    0.7778    1.0000    0.7500    0.7500    1.0000    0.7778    0.1111    0.4444    0.5556
    0.8333    0.8889    0.8750    1.0000    0.8750    0.8750    0.1667    0.1111    0.2500
    0.8750    1.0000    0.8889    0.8889    0.7143    0.8750    0.2222    0.3750    0.3333
    1.0000    1.0000    1.0000    0.8889    0.7778    0.8889    0.3333    0.5000    0.5000
    0.5556    1.0000    1.0000    0.6667    0.8889    0.7778         0         0    0.2500
    0.8750    0.7778    1.0000    0.8750    1.0000    0.7778    0.3333    0.4286    0.5556
    0.6667    1.0000    0.6667    0.6250    0.7500    0.8333         0    0.1250    0.2500
    1.0000    0.8750    0.7143    0.8571    0.4286    1.0000         0    0.2222    0.2500
    1.0000    0.4286    1.0000    0.8571    0.8750    0.4286         0         0    0.1111


anova_comparison_data_matrix(:,:,2) =

    0.8889    0.8889    1.0000    0.8571    0.5714    0.8889         0         0    0.1250
    0.4444    0.7143    0.6250    0.6667    0.7778    0.7778    0.1111    0.1250    0.1667
    0.6667    0.8750    0.8750    0.8333    0.7143    0.8333    0.2500    0.1250    0.2500
    0.8750    1.0000    1.0000    0.7500    1.0000    0.8750         0         0         0
    0.5714    0.8889    0.7778    0.8750    0.8889    1.0000    0.1111         0         0
    0.7778    0.8889    0.6250    0.8889    1.0000    0.7143    0.3750    0.1111    0.2857
    1.0000    0.8889    1.0000    0.8000    0.8889    1.0000    0.1429    0.2222    0.1111
    1.0000    1.0000    0.8750    0.8889    1.0000    0.7778    0.2500    0.3333    0.5714
    0.7500    0.7500    1.0000    0.8750    0.8889    0.7778    0.2500    0.1429    0.2222
    0.7500    0.6250    1.0000    0.7500    1.0000    0.8750         0         0         0
    1.0000    0.8750    0.6250    1.0000    0.8750    0.8750    0.1111         0    0.1250
    0.7778    0.8889    1.0000    1.0000    1.0000    0.8889    0.4444    0.6250    0.7143
    0.8333    0.8750    0.8750    0.8750    0.8571    0.7143    0.1111    0.1111    0.2857
    0.8750    0.8750    0.8750    0.7500    0.7500    0.8750    0.1250    0.2500    0.3333
    1.0000    0.8889    0.6250    1.0000    0.8571    1.0000    0.2857    0.4444    0.6250
    0.5556    0.6667    0.8889    0.6667    0.8889    0.7143         0    0.1111    0.3333
    0.8750    0.8750    0.8333    0.7778    0.8333    0.7500    0.5000    0.2500    0.4444
    0.6667    0.7143    0.6667    0.6667    0.7500    0.3750    0.3333    0.1111    0.1250
    1.0000    0.8333    0.7778    0.5714    0.5556    0.7778         0    0.1250    0.2222
    1.0000    0.7778    0.8750    0.6667    1.0000    0.8571         0         0         0


reshaped_participant_data_matrix =

    0.6444    0.5800
    0.4857    0.4899
    0.5891    0.6025
    0.6508    0.6111
    0.5000    0.5681
    0.6030    0.6296
    0.5772    0.6727
    0.7630    0.7440
    0.6402    0.6285
    0.4879    0.5556
    0.6210    0.6096
    0.6852    0.8155
    0.6528    0.6153
    0.6858    0.6343
    0.7654    0.7474
    0.5710    0.5362
    0.7359    0.6821
    0.5463    0.4899
    0.5941    0.5403
    0.5223    0.5752


p_value_interaction =

    0.4815


p_value_main_effect_model =

    0.9778

linf_random_vs_standard_cochresnet50_waveform Full ANOVA
                                      SumSq       DF       MeanSq          F          pValue       pValueGG      pValueHF      pValueLB     partial_etaSquared
                                    __________    ___    __________    _________    __________    __________    __________    __________    __________________

    (Intercept)                          136.7      1         136.7       1191.7    1.3161e-18    1.3161e-18    1.3161e-18    1.3161e-18               NaN    
    Error                               2.1795     19       0.11471                                                                                    NaN    
    (Intercept):layer                   32.851      8        4.1064       168.49    1.5827e-71     1.569e-37    2.6619e-48    6.8011e-11           0.89866    
    Error(layer)                        3.7045    152      0.024372                                                                                    NaN    
    (Intercept):model_type          9.8419e-06      1    9.8419e-06    0.0006931       0.97927       0.97927       0.97927       0.97927        3.6477e-05    
    Error(model_type)                   0.2698     19        0.0142                                                                                    NaN    
    (Intercept):layer:model_type      0.088382      8      0.011048      0.95186       0.47599       0.45419       0.47279       0.34151          0.047708    
    Error(layer:model_type)             1.7642    152      0.011607                                                                                    NaN    

F(model) main effect: 0.0006931
p_value main effect : 0.9778
F(model, stage) interaction: 0.95186
p_value interaction : 0.4815
