######### | Auditory Networks: Robust CochResNet50 Experiment, Waveform Adversaries - l2_1_adversarial_vs_l2_1_random_cochresnet50_waveform | #########
NUM_PERMUTATIONS = 10000
MODELS_INCLUDED_IN_ANOVA: cochresnet50_l2_1_robust_waveform, cochresnet50_l2_1_random_step_waveform

model_idx =

     2     5


anova_comparison_data_matrix(:,:,1) =

    0.8889    1.0000    1.0000    0.7500    0.7778    0.6250    0.3333    0.1250    0.2222
    0.4444    0.6250    1.0000    0.8750    0.4286    1.0000    0.1250    0.1111    0.1250
    0.6667    0.7778    0.8750    1.0000    0.6667    1.0000    0.6250         0         0
    0.8750    0.8889    1.0000    0.8750    0.8889    1.0000    0.4444         0         0
    0.5714    0.6250    0.5000    0.6250    0.8889    0.7143    0.3333         0         0
    0.7778    0.8889    1.0000    1.0000    1.0000    0.5556    0.5000         0    0.1250
    1.0000    0.6667    1.0000    0.8571    1.0000    0.7500    0.7778    0.1250    0.1429
    1.0000    1.0000    1.0000    1.0000    0.8571    0.8889    0.8889         0    0.2857
    0.7500    0.7778    1.0000    0.6250    0.8889    1.0000    0.7778    0.3750    0.1250
    0.7500    1.0000    0.6667    0.2857    0.7778    0.6250    0.1250         0         0
    1.0000    0.8889    0.8750    1.0000    0.8889    0.6250    0.4444    0.1111    0.1111
    0.7778    0.7500    1.0000    1.0000    0.8750    0.8750    0.3333         0    0.1429
    0.8333    0.8889    0.8889    1.0000    0.8571    0.7500    0.5556         0    0.1111
    0.8750    0.7500    0.8889    0.8889    0.8889    0.4286    0.5556         0         0
    1.0000    0.7778    1.0000    0.7778    1.0000    0.8750    0.8889    0.2857    0.2857
    0.5556    0.8750    1.0000    0.6250    1.0000    1.0000    0.1111    0.1250         0
    0.8750    0.7500    1.0000    0.7500    0.6250    1.0000    0.5556    0.2500         0
    0.6667    0.7778    0.5000    0.7500    0.7500    0.6250    0.5000    0.1111    0.1250
    1.0000    0.8889    0.5556    0.8889    0.7778    0.6250    0.3333    0.1250         0
    1.0000    0.5556    0.7778    0.8750    0.8750    0.7778    0.3750         0         0


anova_comparison_data_matrix(:,:,2) =

    0.8889    0.6667    1.0000    0.8889    0.8889    0.6250         0    0.2222    0.2500
    0.4444    0.8750    0.7500    0.6250    0.5556    0.7500         0         0    0.1111
    0.6667    0.8889    0.6667    0.5000    1.0000    0.8571    0.1250    0.1111    0.2222
    0.8750    1.0000    1.0000    0.8750    0.7500    0.4444         0         0         0
    0.5714    0.6667    0.2500    0.6250    0.7778    0.5714         0         0         0
    0.7778    0.5556    0.8889    0.8889    0.6667    1.0000    0.2500    0.1111    0.1429
    1.0000    0.8889    0.8571    0.8750    1.0000    0.8750    0.1111    0.4444         0
    1.0000    0.8889    0.5556    0.8571    0.8889    0.8750    0.1250    0.3750    0.3750
    0.7500    0.7500    0.8750    0.8889    1.0000    0.8889         0    0.1111    0.1111
    0.7500    0.7778    0.8750    0.8889    0.7500    0.7778         0         0         0
    1.0000    0.7778    0.7778    0.6250    1.0000    1.0000         0    0.1250         0
    0.7778    1.0000    1.0000    0.6667    0.7778    0.7778    0.3333    0.2500    0.3750
    0.8333    0.6667    1.0000    0.7500    1.0000    0.8750         0         0    0.1429
    0.8750    1.0000    0.7778    0.7778    0.5000    0.6000         0    0.3333    0.5556
    1.0000    1.0000    0.8889    0.8750    1.0000    1.0000    0.2857    0.1111    0.4286
    0.5556    0.8889    0.8750    0.8750    0.8889    0.6250         0         0         0
    0.8750    0.8750    0.8571    1.0000    1.0000    0.8571         0    0.5000    0.5714
    0.6667    0.6667    0.5714    0.6250    0.6250    0.6667         0         0         0
    1.0000    0.7778    0.8889    0.7500    0.5714    0.8889    0.1429    0.5000    0.2222
    1.0000    0.8889    0.7143    0.8571    1.0000    0.6250         0         0         0


reshaped_participant_data_matrix =

    0.6358    0.6034
    0.5260    0.4568
    0.6235    0.5597
    0.6636    0.5494
    0.4731    0.3847
    0.6497    0.5869
    0.7022    0.6724
    0.7690    0.6601
    0.7022    0.5972
    0.4700    0.5355
    0.6605    0.5895
    0.6393    0.6620
    0.6539    0.5853
    0.5862    0.6022
    0.7657    0.7321
    0.5880    0.5231
    0.6451    0.7262
    0.5340    0.4246
    0.5772    0.6380
    0.5818    0.5650


p_value_interaction =

   1.0000e-04


p_value_main_effect_model =

    0.0097

l2_1_adversarial_vs_l2_1_random_cochresnet50_waveform Full ANOVA
                                     SumSq     DF      MeanSq       F         pValue       pValueGG      pValueHF      pValueLB     partial_etaSquared
                                    _______    ___    ________    ______    __________    __________    __________    __________    __________________

    (Intercept)                      130.69      1      130.69    1104.9    2.6701e-18    2.6701e-18    2.6701e-18    2.6701e-18             NaN      
    Error                            2.2474     19     0.11828                                                                               NaN      
    (Intercept):layer                 33.29      8      4.1613    188.81    6.5642e-75    8.5635e-51    6.6245e-72    2.5463e-11         0.90857      
    Error(layer)                       3.35    152    0.022039                                                                               NaN      
    (Intercept):model_type          0.14122      1     0.14122    8.5516     0.0087007     0.0087007     0.0087007     0.0087007         0.31039      
    Error(model_type)               0.31376     19    0.016514                                                                               NaN      
    (Intercept):layer:model_type     1.7398      8     0.21748    10.656    7.9469e-12    1.9499e-08    3.6041e-11     0.0040806         0.35931      
    Error(layer:model_type)          3.1023    152     0.02041                                                                               NaN      

F(model) main effect: 8.5516
p_value main effect : 0.0097
F(model, stage) interaction: 10.6555
p_value interaction : 0.0001
