######### | Auditory Networks: Robust CochResNet50 Experiment, Waveform Adversaries - linf_adversarial_vs_l2_adversarial | #########
NUM_PERMUTATIONS = 10000
MODELS_INCLUDED_IN_ANOVA: cochresnet50_linf_p002_robust_waveform, cochresnet50_l2_1_robust_waveform, cochresnet50_l2_p5_robust_waveform

model_idx =

     4     2     3


anova_comparison_data_matrix(:,:,1) =

    0.8889    1.0000    0.7500    0.7500    1.0000    1.0000    0.3333    0.1111    0.2500
    0.4444    0.8750    0.7500    0.6667    0.8571    0.5714         0         0    0.2500
    0.6667    1.0000    0.8750    0.8750    0.8889    1.0000    0.2222    0.1111    0.6250
    0.8750    1.0000    0.6250    1.0000    0.7500    0.7500    0.2000    0.2000    0.2222
    0.5714    0.5000    0.6250    0.7500    0.8750    0.6667    0.1111         0    0.1111
    0.7778    0.5000    0.8750    1.0000    0.8750    1.0000    0.5556    0.4444    0.2222
    1.0000    0.8889    1.0000    0.7500    1.0000    0.8750    0.1250         0    0.2500
    1.0000    0.6250    0.8750    0.8750    0.8571    1.0000    0.3750    0.3333    0.3750
    0.7500    1.0000    0.8750    1.0000    0.7143    1.0000    0.2500    0.4444    0.3333
    0.7500    0.8750    0.8889    0.7778    0.8750    0.6250    0.2500    0.1250         0
    1.0000    0.7143    1.0000    0.7500    1.0000    0.6250    0.2857    0.2500    0.1667
    0.7778    0.7778    1.0000    0.8333    1.0000    0.8750    0.1111    0.2222    0.4444
    0.8333    1.0000    0.8750    0.8750    0.8571    1.0000    0.4444    0.7500    0.3750
    0.8750    0.7778    1.0000    0.6667    1.0000    0.6667    0.4444    0.1250    0.3333
    1.0000    1.0000    1.0000    1.0000    0.8889    1.0000    0.5556    0.5556    0.2857
    0.5556    0.7500    0.8750    0.8750    0.6250    1.0000         0    0.1111    0.1250
    0.8750    0.7143    1.0000    0.8750    1.0000    1.0000    0.6250    0.4444    0.5000
    0.6667    0.8889    1.0000    0.8889    0.6667    1.0000    0.6667    0.1111         0
    1.0000    0.8750    0.8889    0.8889    0.8889    0.7500    0.3750         0    0.1250
    1.0000    0.8333    0.7500    0.8750    0.7143    1.0000    0.1111    0.1111    0.1429


anova_comparison_data_matrix(:,:,2) =

    0.8889    1.0000    1.0000    0.7500    0.7778    0.6250    0.3333    0.1250    0.2222
    0.4444    0.6250    1.0000    0.8750    0.4286    1.0000    0.1250    0.1111    0.1250
    0.6667    0.7778    0.8750    1.0000    0.6667    1.0000    0.6250         0         0
    0.8750    0.8889    1.0000    0.8750    0.8889    1.0000    0.4444         0         0
    0.5714    0.6250    0.5000    0.6250    0.8889    0.7143    0.3333         0         0
    0.7778    0.8889    1.0000    1.0000    1.0000    0.5556    0.5000         0    0.1250
    1.0000    0.6667    1.0000    0.8571    1.0000    0.7500    0.7778    0.1250    0.1429
    1.0000    1.0000    1.0000    1.0000    0.8571    0.8889    0.8889         0    0.2857
    0.7500    0.7778    1.0000    0.6250    0.8889    1.0000    0.7778    0.3750    0.1250
    0.7500    1.0000    0.6667    0.2857    0.7778    0.6250    0.1250         0         0
    1.0000    0.8889    0.8750    1.0000    0.8889    0.6250    0.4444    0.1111    0.1111
    0.7778    0.7500    1.0000    1.0000    0.8750    0.8750    0.3333         0    0.1429
    0.8333    0.8889    0.8889    1.0000    0.8571    0.7500    0.5556         0    0.1111
    0.8750    0.7500    0.8889    0.8889    0.8889    0.4286    0.5556         0         0
    1.0000    0.7778    1.0000    0.7778    1.0000    0.8750    0.8889    0.2857    0.2857
    0.5556    0.8750    1.0000    0.6250    1.0000    1.0000    0.1111    0.1250         0
    0.8750    0.7500    1.0000    0.7500    0.6250    1.0000    0.5556    0.2500         0
    0.6667    0.7778    0.5000    0.7500    0.7500    0.6250    0.5000    0.1111    0.1250
    1.0000    0.8889    0.5556    0.8889    0.7778    0.6250    0.3333    0.1250         0
    1.0000    0.5556    0.7778    0.8750    0.8750    0.7778    0.3750         0         0


anova_comparison_data_matrix(:,:,3) =

    0.8889    0.8750    1.0000    1.0000    0.8750    1.0000    0.8571    0.1250         0
    0.4444    0.6667    0.8889    0.7500    0.8889    0.7778         0         0         0
    0.6667    0.8889    1.0000    1.0000    0.8750    0.8889    0.2222    0.2500    0.3333
    0.8750    1.0000    0.6667    0.7778    0.7143    1.0000    0.4286         0    0.3333
    0.5714    0.6667    0.7500    1.0000    0.8571    0.7500    0.2857    0.2222    0.2222
    0.7778    0.8889    0.6667    0.7500    0.5000    0.6667    0.7143    0.1111    0.2857
    1.0000    0.6667    0.8750    0.8333    0.7500    0.8889    0.2500    0.1250    0.2857
    1.0000    1.0000    0.7500    1.0000    1.0000    1.0000    0.5556    0.3750    0.2222
    0.7500    1.0000    0.8750    1.0000    0.8889    0.8571    0.2857    0.2500    0.5000
    0.7500    0.6250    0.7778    0.6667    0.7500    1.0000    0.1429    0.1250         0
    1.0000    1.0000    0.8750    0.6667    0.8750    0.7500    0.5556         0    0.1429
    0.7778    1.0000    0.8571    0.8750    0.7778    0.6667    0.7500    0.5000    0.3750
    0.8333    0.8571    1.0000    0.8889    0.6667    0.8889    0.5556    0.3750    0.2222
    0.8750    0.7778    1.0000    0.8750    1.0000    0.8889    0.5000         0    0.1429
    1.0000    0.8889    0.8889    0.7500    0.8750    0.8750    0.8750    0.1111    0.2222
    0.5556    0.8333    1.0000    1.0000    0.7500    0.8750    0.5556    0.1250         0
    0.8750    1.0000    0.8889    0.8571    0.8889    0.6667    0.5714    0.2500    0.2857
    0.6667    0.7778    0.8571    0.7500    0.5556    0.7143    0.4286         0    0.2500
    1.0000    0.7500    1.0000    0.6250    0.3750    0.7500    0.3750         0    0.3750
    1.0000    0.6667    1.0000    1.0000    0.7778    0.7778    0.1250    0.2500    0.1111


reshaped_participant_data_matrix =

    0.6759    0.6358    0.7357
    0.4905    0.5260    0.4907
    0.6960    0.6235    0.6806
    0.6247    0.6636    0.6440
    0.4678    0.4731    0.5917
    0.6944    0.6497    0.5957
    0.6543    0.7022    0.6305
    0.7017    0.7690    0.7670
    0.7075    0.7022    0.7119
    0.5741    0.4700    0.5375
    0.6435    0.6605    0.6517
    0.6713    0.6393    0.7310
    0.7789    0.6539    0.6986
    0.6543    0.5862    0.6733
    0.8095    0.7657    0.7207
    0.5463    0.5880    0.6327
    0.7815    0.6451    0.6982
    0.6543    0.5340    0.5556
    0.6435    0.5772    0.5833
    0.6153    0.5818    0.6343


p_value_interaction =

   1.0000e-04


p_value_main_effect_model =

    0.0607

linf_adversarial_vs_l2_adversarial Full ANOVA
                                     SumSq     DF      MeanSq       F         pValue       pValueGG      pValueHF      pValueLB     partial_etaSquared
                                    _______    ___    ________    ______    __________    __________    __________    __________    __________________

    (Intercept)                       222.3      1       222.3    1524.7    1.3067e-19    1.3067e-19    1.3067e-19    1.3067e-19             NaN      
    Error                            2.7702     19      0.1458                                                                               NaN      
    (Intercept):layer                43.518      8      5.4397    200.59    1.0113e-76    1.0925e-43    7.4414e-58    1.5047e-11         0.91347      
    Error(layer)                     4.1221    152    0.027119                                                                               NaN      
    (Intercept):model_type          0.10371      2    0.051853    3.1217       0.05556      0.058044       0.05556      0.093316         0.14112      
    Error(model_type)                0.6312     38    0.016611                                                                               NaN      
    (Intercept):layer:model_type    0.91081     16    0.056926    3.1556    5.1671e-05     0.0024468    0.00010978      0.091682         0.14243      
    Error(layer:model_type)           5.484    304    0.018039                                                                               NaN      

F(model) main effect: 3.1217
p_value main effect : 0.0607
F(model, stage) interaction: 3.1556
p_value interaction : 0.0001
