######### | Auditory Networks: Robust CochResNet50 Experiment, Waveform Adversaries - l2_1_adversarial_vs_standard_cochresnet50_waveform | #########
NUM_PERMUTATIONS = 10000
MODELS_INCLUDED_IN_ANOVA: cochresnet50, cochresnet50_l2_1_robust_waveform

model_idx =

     1     2


anova_comparison_data_matrix(:,:,1) =

    0.8889    0.8889    0.8750    1.0000    1.0000    0.8000    0.1250         0    0.2222
    0.4444    0.6667    0.6667    0.8571    1.0000    0.6250         0    0.1111         0
    0.6667    0.7500    0.7778    1.0000    0.8571    0.7778         0    0.2222    0.2500
    0.8750    1.0000    0.6667    1.0000    0.8571    1.0000    0.1250    0.2222    0.1111
    0.5714    0.7778    0.7500    0.7143    0.6250    0.7143    0.1250    0.2222         0
    0.7778    0.7500    0.8571    0.8750    0.6667    0.8750         0    0.1250    0.5000
    1.0000    0.8889    0.7778    0.8889    0.6667    0.7500         0    0.2222         0
    1.0000    0.8889    1.0000    1.0000    0.7143    1.0000    0.3750    0.4444    0.4444
    0.7500    0.8571    1.0000    0.8333    0.7500    0.7778    0.2222    0.2857    0.2857
    0.7500    0.6250    0.6667    0.5714    0.7778    0.7500    0.2500         0         0
    1.0000    0.7143    0.8889    1.0000    1.0000    0.8750    0.1111         0         0
    0.7778    1.0000    0.7500    0.7500    1.0000    0.7778    0.1111    0.4444    0.5556
    0.8333    0.8889    0.8750    1.0000    0.8750    0.8750    0.1667    0.1111    0.2500
    0.8750    1.0000    0.8889    0.8889    0.7143    0.8750    0.2222    0.3750    0.3333
    1.0000    1.0000    1.0000    0.8889    0.7778    0.8889    0.3333    0.5000    0.5000
    0.5556    1.0000    1.0000    0.6667    0.8889    0.7778         0         0    0.2500
    0.8750    0.7778    1.0000    0.8750    1.0000    0.7778    0.3333    0.4286    0.5556
    0.6667    1.0000    0.6667    0.6250    0.7500    0.8333         0    0.1250    0.2500
    1.0000    0.8750    0.7143    0.8571    0.4286    1.0000         0    0.2222    0.2500
    1.0000    0.4286    1.0000    0.8571    0.8750    0.4286         0         0    0.1111


anova_comparison_data_matrix(:,:,2) =

    0.8889    1.0000    1.0000    0.7500    0.7778    0.6250    0.3333    0.1250    0.2222
    0.4444    0.6250    1.0000    0.8750    0.4286    1.0000    0.1250    0.1111    0.1250
    0.6667    0.7778    0.8750    1.0000    0.6667    1.0000    0.6250         0         0
    0.8750    0.8889    1.0000    0.8750    0.8889    1.0000    0.4444         0         0
    0.5714    0.6250    0.5000    0.6250    0.8889    0.7143    0.3333         0         0
    0.7778    0.8889    1.0000    1.0000    1.0000    0.5556    0.5000         0    0.1250
    1.0000    0.6667    1.0000    0.8571    1.0000    0.7500    0.7778    0.1250    0.1429
    1.0000    1.0000    1.0000    1.0000    0.8571    0.8889    0.8889         0    0.2857
    0.7500    0.7778    1.0000    0.6250    0.8889    1.0000    0.7778    0.3750    0.1250
    0.7500    1.0000    0.6667    0.2857    0.7778    0.6250    0.1250         0         0
    1.0000    0.8889    0.8750    1.0000    0.8889    0.6250    0.4444    0.1111    0.1111
    0.7778    0.7500    1.0000    1.0000    0.8750    0.8750    0.3333         0    0.1429
    0.8333    0.8889    0.8889    1.0000    0.8571    0.7500    0.5556         0    0.1111
    0.8750    0.7500    0.8889    0.8889    0.8889    0.4286    0.5556         0         0
    1.0000    0.7778    1.0000    0.7778    1.0000    0.8750    0.8889    0.2857    0.2857
    0.5556    0.8750    1.0000    0.6250    1.0000    1.0000    0.1111    0.1250         0
    0.8750    0.7500    1.0000    0.7500    0.6250    1.0000    0.5556    0.2500         0
    0.6667    0.7778    0.5000    0.7500    0.7500    0.6250    0.5000    0.1111    0.1250
    1.0000    0.8889    0.5556    0.8889    0.7778    0.6250    0.3333    0.1250         0
    1.0000    0.5556    0.7778    0.8750    0.8750    0.7778    0.3750         0         0


reshaped_participant_data_matrix =

    0.6444    0.6358
    0.4857    0.5260
    0.5891    0.6235
    0.6508    0.6636
    0.5000    0.4731
    0.6030    0.6497
    0.5772    0.7022
    0.7630    0.7690
    0.6402    0.7022
    0.4879    0.4700
    0.6210    0.6605
    0.6852    0.6393
    0.6528    0.6539
    0.6858    0.5862
    0.7654    0.7657
    0.5710    0.5880
    0.7359    0.6451
    0.5463    0.5340
    0.5941    0.5772
    0.5223    0.5818


p_value_interaction =

   1.0000e-04


p_value_main_effect_model =

    0.5873

l2_1_adversarial_vs_standard_cochresnet50_waveform Full ANOVA
                                     SumSq      DF      MeanSq        F         pValue       pValueGG      pValueHF      pValueLB     partial_etaSquared
                                    ________    ___    ________    _______    __________    __________    __________    __________    __________________

    (Intercept)                       138.02      1      138.02     1207.9    1.1599e-18    1.1599e-18    1.1599e-18    1.1599e-18              NaN     
    Error                             2.1711     19     0.11427                                                                                 NaN     
    (Intercept):layer                 31.595      8      3.9494     170.48    7.1191e-72    1.7308e-48    1.9651e-68    6.1487e-11          0.89973     
    Error(layer)                      3.5213    152    0.023166                                                                                 NaN     
    (Intercept):model_type          0.003538      1    0.003538    0.29233       0.59501       0.59501       0.59501       0.59501         0.015153     
    Error(model_type)                0.22995     19    0.012103                                                                                 NaN     
    (Intercept):layer:model_type      1.6656      8      0.2082     12.205    2.1184e-13     1.937e-08    1.1075e-10     0.0024307          0.39112     
    Error(layer:model_type)           2.5929    152    0.017059                                                                                 NaN     

F(model) main effect: 0.29233
p_value main effect : 0.5873
F(model, stage) interaction: 12.2048
p_value interaction : 0.0001
