######### | Auditory Networks: Robust CochResNet50 Experiment, Waveform Adversaries - linf_adversarial_vs_linf_random_cochresnet50_waveform | #########
NUM_PERMUTATIONS = 10000
MODELS_INCLUDED_IN_ANOVA: cochresnet50_linf_p002_robust_waveform, cochresnet50_linf_p002_random_step_waveform

model_idx =

     4     6


anova_comparison_data_matrix(:,:,1) =

    0.8889    1.0000    0.7500    0.7500    1.0000    1.0000    0.3333    0.1111    0.2500
    0.4444    0.8750    0.7500    0.6667    0.8571    0.5714         0         0    0.2500
    0.6667    1.0000    0.8750    0.8750    0.8889    1.0000    0.2222    0.1111    0.6250
    0.8750    1.0000    0.6250    1.0000    0.7500    0.7500    0.2000    0.2000    0.2222
    0.5714    0.5000    0.6250    0.7500    0.8750    0.6667    0.1111         0    0.1111
    0.7778    0.5000    0.8750    1.0000    0.8750    1.0000    0.5556    0.4444    0.2222
    1.0000    0.8889    1.0000    0.7500    1.0000    0.8750    0.1250         0    0.2500
    1.0000    0.6250    0.8750    0.8750    0.8571    1.0000    0.3750    0.3333    0.3750
    0.7500    1.0000    0.8750    1.0000    0.7143    1.0000    0.2500    0.4444    0.3333
    0.7500    0.8750    0.8889    0.7778    0.8750    0.6250    0.2500    0.1250         0
    1.0000    0.7143    1.0000    0.7500    1.0000    0.6250    0.2857    0.2500    0.1667
    0.7778    0.7778    1.0000    0.8333    1.0000    0.8750    0.1111    0.2222    0.4444
    0.8333    1.0000    0.8750    0.8750    0.8571    1.0000    0.4444    0.7500    0.3750
    0.8750    0.7778    1.0000    0.6667    1.0000    0.6667    0.4444    0.1250    0.3333
    1.0000    1.0000    1.0000    1.0000    0.8889    1.0000    0.5556    0.5556    0.2857
    0.5556    0.7500    0.8750    0.8750    0.6250    1.0000         0    0.1111    0.1250
    0.8750    0.7143    1.0000    0.8750    1.0000    1.0000    0.6250    0.4444    0.5000
    0.6667    0.8889    1.0000    0.8889    0.6667    1.0000    0.6667    0.1111         0
    1.0000    0.8750    0.8889    0.8889    0.8889    0.7500    0.3750         0    0.1250
    1.0000    0.8333    0.7500    0.8750    0.7143    1.0000    0.1111    0.1111    0.1429


anova_comparison_data_matrix(:,:,2) =

    0.8889    0.8889    1.0000    0.8571    0.5714    0.8889         0         0    0.1250
    0.4444    0.7143    0.6250    0.6667    0.7778    0.7778    0.1111    0.1250    0.1667
    0.6667    0.8750    0.8750    0.8333    0.7143    0.8333    0.2500    0.1250    0.2500
    0.8750    1.0000    1.0000    0.7500    1.0000    0.8750         0         0         0
    0.5714    0.8889    0.7778    0.8750    0.8889    1.0000    0.1111         0         0
    0.7778    0.8889    0.6250    0.8889    1.0000    0.7143    0.3750    0.1111    0.2857
    1.0000    0.8889    1.0000    0.8000    0.8889    1.0000    0.1429    0.2222    0.1111
    1.0000    1.0000    0.8750    0.8889    1.0000    0.7778    0.2500    0.3333    0.5714
    0.7500    0.7500    1.0000    0.8750    0.8889    0.7778    0.2500    0.1429    0.2222
    0.7500    0.6250    1.0000    0.7500    1.0000    0.8750         0         0         0
    1.0000    0.8750    0.6250    1.0000    0.8750    0.8750    0.1111         0    0.1250
    0.7778    0.8889    1.0000    1.0000    1.0000    0.8889    0.4444    0.6250    0.7143
    0.8333    0.8750    0.8750    0.8750    0.8571    0.7143    0.1111    0.1111    0.2857
    0.8750    0.8750    0.8750    0.7500    0.7500    0.8750    0.1250    0.2500    0.3333
    1.0000    0.8889    0.6250    1.0000    0.8571    1.0000    0.2857    0.4444    0.6250
    0.5556    0.6667    0.8889    0.6667    0.8889    0.7143         0    0.1111    0.3333
    0.8750    0.8750    0.8333    0.7778    0.8333    0.7500    0.5000    0.2500    0.4444
    0.6667    0.7143    0.6667    0.6667    0.7500    0.3750    0.3333    0.1111    0.1250
    1.0000    0.8333    0.7778    0.5714    0.5556    0.7778         0    0.1250    0.2222
    1.0000    0.7778    0.8750    0.6667    1.0000    0.8571         0         0         0


reshaped_participant_data_matrix =

    0.6759    0.5800
    0.4905    0.4899
    0.6960    0.6025
    0.6247    0.6111
    0.4678    0.5681
    0.6944    0.6296
    0.6543    0.6727
    0.7017    0.7440
    0.7075    0.6285
    0.5741    0.5556
    0.6435    0.6096
    0.6713    0.8155
    0.7789    0.6153
    0.6543    0.6343
    0.8095    0.7474
    0.5463    0.5362
    0.7815    0.6821
    0.6543    0.4899
    0.6435    0.5403
    0.6153    0.5752


p_value_interaction =

    0.3324


p_value_main_effect_model =

    0.0444

linf_adversarial_vs_linf_random_cochresnet50_waveform Full ANOVA
                                     SumSq     DF      MeanSq       F         pValue       pValueGG      pValueHF      pValueLB     partial_etaSquared
                                    _______    ___    ________    ______    __________    __________    __________    __________    __________________

    (Intercept)                      145.31      1      145.31    1364.8    3.6942e-19    3.6942e-19    3.6942e-19    3.6942e-19              NaN     
    Error                            2.0229     19     0.10647                                                                                NaN     
    (Intercept):layer                30.387      8      3.7983    177.33    4.8571e-73    1.1165e-42    5.6935e-57    4.3818e-11          0.90322     
    Error(layer)                     3.2559    152     0.02142                                                                                NaN     
    (Intercept):model_type          0.12921      1     0.12921    4.7594      0.041904      0.041904      0.041904      0.041904          0.20032     
    Error(model_type)               0.51582     19    0.027148                                                                                NaN     
    (Intercept):layer:model_type    0.15185      8    0.018981    1.1464       0.33567       0.34141       0.33764       0.29772         0.056903     
    Error(layer:model_type)          2.5167    152    0.016557                                                                                NaN     

F(model) main effect: 4.7594
p_value main effect : 0.0444
F(model, stage) interaction: 1.1464
p_value interaction : 0.3324
