######### | Auditory Networks: Robust CochResNet50 Experiment, Waveform Adversaries - l2_p5_adversarial_vs_standard_cochresnet50_waveform | #########
NUM_PERMUTATIONS = 10000
MODELS_INCLUDED_IN_ANOVA: cochresnet50, cochresnet50_l2_p5_robust_waveform

model_idx =

     1     3


anova_comparison_data_matrix(:,:,1) =

    0.8889    0.8889    0.8750    1.0000    1.0000    0.8000    0.1250         0    0.2222
    0.4444    0.6667    0.6667    0.8571    1.0000    0.6250         0    0.1111         0
    0.6667    0.7500    0.7778    1.0000    0.8571    0.7778         0    0.2222    0.2500
    0.8750    1.0000    0.6667    1.0000    0.8571    1.0000    0.1250    0.2222    0.1111
    0.5714    0.7778    0.7500    0.7143    0.6250    0.7143    0.1250    0.2222         0
    0.7778    0.7500    0.8571    0.8750    0.6667    0.8750         0    0.1250    0.5000
    1.0000    0.8889    0.7778    0.8889    0.6667    0.7500         0    0.2222         0
    1.0000    0.8889    1.0000    1.0000    0.7143    1.0000    0.3750    0.4444    0.4444
    0.7500    0.8571    1.0000    0.8333    0.7500    0.7778    0.2222    0.2857    0.2857
    0.7500    0.6250    0.6667    0.5714    0.7778    0.7500    0.2500         0         0
    1.0000    0.7143    0.8889    1.0000    1.0000    0.8750    0.1111         0         0
    0.7778    1.0000    0.7500    0.7500    1.0000    0.7778    0.1111    0.4444    0.5556
    0.8333    0.8889    0.8750    1.0000    0.8750    0.8750    0.1667    0.1111    0.2500
    0.8750    1.0000    0.8889    0.8889    0.7143    0.8750    0.2222    0.3750    0.3333
    1.0000    1.0000    1.0000    0.8889    0.7778    0.8889    0.3333    0.5000    0.5000
    0.5556    1.0000    1.0000    0.6667    0.8889    0.7778         0         0    0.2500
    0.8750    0.7778    1.0000    0.8750    1.0000    0.7778    0.3333    0.4286    0.5556
    0.6667    1.0000    0.6667    0.6250    0.7500    0.8333         0    0.1250    0.2500
    1.0000    0.8750    0.7143    0.8571    0.4286    1.0000         0    0.2222    0.2500
    1.0000    0.4286    1.0000    0.8571    0.8750    0.4286         0         0    0.1111


anova_comparison_data_matrix(:,:,2) =

    0.8889    0.8750    1.0000    1.0000    0.8750    1.0000    0.8571    0.1250         0
    0.4444    0.6667    0.8889    0.7500    0.8889    0.7778         0         0         0
    0.6667    0.8889    1.0000    1.0000    0.8750    0.8889    0.2222    0.2500    0.3333
    0.8750    1.0000    0.6667    0.7778    0.7143    1.0000    0.4286         0    0.3333
    0.5714    0.6667    0.7500    1.0000    0.8571    0.7500    0.2857    0.2222    0.2222
    0.7778    0.8889    0.6667    0.7500    0.5000    0.6667    0.7143    0.1111    0.2857
    1.0000    0.6667    0.8750    0.8333    0.7500    0.8889    0.2500    0.1250    0.2857
    1.0000    1.0000    0.7500    1.0000    1.0000    1.0000    0.5556    0.3750    0.2222
    0.7500    1.0000    0.8750    1.0000    0.8889    0.8571    0.2857    0.2500    0.5000
    0.7500    0.6250    0.7778    0.6667    0.7500    1.0000    0.1429    0.1250         0
    1.0000    1.0000    0.8750    0.6667    0.8750    0.7500    0.5556         0    0.1429
    0.7778    1.0000    0.8571    0.8750    0.7778    0.6667    0.7500    0.5000    0.3750
    0.8333    0.8571    1.0000    0.8889    0.6667    0.8889    0.5556    0.3750    0.2222
    0.8750    0.7778    1.0000    0.8750    1.0000    0.8889    0.5000         0    0.1429
    1.0000    0.8889    0.8889    0.7500    0.8750    0.8750    0.8750    0.1111    0.2222
    0.5556    0.8333    1.0000    1.0000    0.7500    0.8750    0.5556    0.1250         0
    0.8750    1.0000    0.8889    0.8571    0.8889    0.6667    0.5714    0.2500    0.2857
    0.6667    0.7778    0.8571    0.7500    0.5556    0.7143    0.4286         0    0.2500
    1.0000    0.7500    1.0000    0.6250    0.3750    0.7500    0.3750         0    0.3750
    1.0000    0.6667    1.0000    1.0000    0.7778    0.7778    0.1250    0.2500    0.1111


reshaped_participant_data_matrix =

    0.6444    0.7357
    0.4857    0.4907
    0.5891    0.6806
    0.6508    0.6440
    0.5000    0.5917
    0.6030    0.5957
    0.5772    0.6305
    0.7630    0.7670
    0.6402    0.7119
    0.4879    0.5375
    0.6210    0.6517
    0.6852    0.7310
    0.6528    0.6986
    0.6858    0.6733
    0.7654    0.7207
    0.5710    0.6327
    0.7359    0.6982
    0.5463    0.5556
    0.5941    0.5833
    0.5223    0.6343


p_value_interaction =

   1.0000e-04


p_value_main_effect_model =

    0.0067

l2_p5_adversarial_vs_standard_cochresnet50_waveform Full ANOVA
                                     SumSq      DF      MeanSq        F         pValue       pValueGG      pValueHF      pValueLB     partial_etaSquared
                                    ________    ___    _________    ______    __________    __________    __________    __________    __________________

    (Intercept)                       143.86      1       143.86    1390.2    3.1082e-19    3.1082e-19    3.1082e-19    3.1082e-19             NaN      
    Error                             1.9661     19      0.10348                                                                               NaN      
    (Intercept):layer                 29.019      8       3.6274    146.78    1.7517e-67    4.8027e-42    2.2495e-57    2.2048e-10         0.88539      
    Error(layer)                      3.7565    152     0.024714                                                                               NaN      
    (Intercept):model_type          0.093163      1     0.093163    9.7695     0.0055676     0.0055676     0.0055676     0.0055676         0.33958      
    Error(model_type)                0.18119     19    0.0095361                                                                               NaN      
    (Intercept):layer:model_type      1.0316      8      0.12895    9.0425    4.0805e-10    1.0428e-06    1.9007e-08     0.0072474         0.32246      
    Error(layer:model_type)           2.1676    152     0.014261                                                                               NaN      

F(model) main effect: 9.7695
p_value main effect : 0.0067
F(model, stage) interaction: 9.0425
p_value interaction : 0.0001
