######### | Auditory Networks: Robust CochResNet50 Experiment, Waveform Adversaries - l2_random_vs_standard_cochresnet50_waveform | #########
NUM_PERMUTATIONS = 10000
MODELS_INCLUDED_IN_ANOVA: cochresnet50, cochresnet50_l2_1_random_step_waveform

model_idx =

     1     5


anova_comparison_data_matrix(:,:,1) =

    0.8889    0.8889    0.8750    1.0000    1.0000    0.8000    0.1250         0    0.2222
    0.4444    0.6667    0.6667    0.8571    1.0000    0.6250         0    0.1111         0
    0.6667    0.7500    0.7778    1.0000    0.8571    0.7778         0    0.2222    0.2500
    0.8750    1.0000    0.6667    1.0000    0.8571    1.0000    0.1250    0.2222    0.1111
    0.5714    0.7778    0.7500    0.7143    0.6250    0.7143    0.1250    0.2222         0
    0.7778    0.7500    0.8571    0.8750    0.6667    0.8750         0    0.1250    0.5000
    1.0000    0.8889    0.7778    0.8889    0.6667    0.7500         0    0.2222         0
    1.0000    0.8889    1.0000    1.0000    0.7143    1.0000    0.3750    0.4444    0.4444
    0.7500    0.8571    1.0000    0.8333    0.7500    0.7778    0.2222    0.2857    0.2857
    0.7500    0.6250    0.6667    0.5714    0.7778    0.7500    0.2500         0         0
    1.0000    0.7143    0.8889    1.0000    1.0000    0.8750    0.1111         0         0
    0.7778    1.0000    0.7500    0.7500    1.0000    0.7778    0.1111    0.4444    0.5556
    0.8333    0.8889    0.8750    1.0000    0.8750    0.8750    0.1667    0.1111    0.2500
    0.8750    1.0000    0.8889    0.8889    0.7143    0.8750    0.2222    0.3750    0.3333
    1.0000    1.0000    1.0000    0.8889    0.7778    0.8889    0.3333    0.5000    0.5000
    0.5556    1.0000    1.0000    0.6667    0.8889    0.7778         0         0    0.2500
    0.8750    0.7778    1.0000    0.8750    1.0000    0.7778    0.3333    0.4286    0.5556
    0.6667    1.0000    0.6667    0.6250    0.7500    0.8333         0    0.1250    0.2500
    1.0000    0.8750    0.7143    0.8571    0.4286    1.0000         0    0.2222    0.2500
    1.0000    0.4286    1.0000    0.8571    0.8750    0.4286         0         0    0.1111


anova_comparison_data_matrix(:,:,2) =

    0.8889    0.6667    1.0000    0.8889    0.8889    0.6250         0    0.2222    0.2500
    0.4444    0.8750    0.7500    0.6250    0.5556    0.7500         0         0    0.1111
    0.6667    0.8889    0.6667    0.5000    1.0000    0.8571    0.1250    0.1111    0.2222
    0.8750    1.0000    1.0000    0.8750    0.7500    0.4444         0         0         0
    0.5714    0.6667    0.2500    0.6250    0.7778    0.5714         0         0         0
    0.7778    0.5556    0.8889    0.8889    0.6667    1.0000    0.2500    0.1111    0.1429
    1.0000    0.8889    0.8571    0.8750    1.0000    0.8750    0.1111    0.4444         0
    1.0000    0.8889    0.5556    0.8571    0.8889    0.8750    0.1250    0.3750    0.3750
    0.7500    0.7500    0.8750    0.8889    1.0000    0.8889         0    0.1111    0.1111
    0.7500    0.7778    0.8750    0.8889    0.7500    0.7778         0         0         0
    1.0000    0.7778    0.7778    0.6250    1.0000    1.0000         0    0.1250         0
    0.7778    1.0000    1.0000    0.6667    0.7778    0.7778    0.3333    0.2500    0.3750
    0.8333    0.6667    1.0000    0.7500    1.0000    0.8750         0         0    0.1429
    0.8750    1.0000    0.7778    0.7778    0.5000    0.6000         0    0.3333    0.5556
    1.0000    1.0000    0.8889    0.8750    1.0000    1.0000    0.2857    0.1111    0.4286
    0.5556    0.8889    0.8750    0.8750    0.8889    0.6250         0         0         0
    0.8750    0.8750    0.8571    1.0000    1.0000    0.8571         0    0.5000    0.5714
    0.6667    0.6667    0.5714    0.6250    0.6250    0.6667         0         0         0
    1.0000    0.7778    0.8889    0.7500    0.5714    0.8889    0.1429    0.5000    0.2222
    1.0000    0.8889    0.7143    0.8571    1.0000    0.6250         0         0         0


reshaped_participant_data_matrix =

    0.6444    0.6034
    0.4857    0.4568
    0.5891    0.5597
    0.6508    0.5494
    0.5000    0.3847
    0.6030    0.5869
    0.5772    0.6724
    0.7630    0.6601
    0.6402    0.5972
    0.4879    0.5355
    0.6210    0.5895
    0.6852    0.6620
    0.6528    0.5853
    0.6858    0.6022
    0.7654    0.7321
    0.5710    0.5231
    0.7359    0.7262
    0.5463    0.4246
    0.5941    0.6380
    0.5223    0.5650


p_value_interaction =

    0.7020


p_value_main_effect_model =

    0.0227

l2_random_vs_standard_cochresnet50_waveform Full ANOVA
                                     SumSq      DF      MeanSq         F         pValue       pValueGG      pValueHF      pValueLB     partial_etaSquared
                                    ________    ___    _________    _______    __________    __________    __________    __________    __________________

    (Intercept)                       129.33      1       129.33     1047.8    4.3846e-18    4.3846e-18    4.3846e-18    4.3846e-18             NaN      
    Error                             2.3453     19      0.12344                                                                                NaN      
    (Intercept):layer                 34.656      8        4.332      179.5    2.1081e-73    1.2418e-42    8.5638e-57    3.9439e-11         0.90428      
    Error(layer)                      3.6682    152     0.024133                                                                                NaN      
    (Intercept):model_type           0.10005      1      0.10005     6.6105      0.018702      0.018702      0.018702      0.018702         0.25812      
    Error(model_type)                0.28757     19     0.015136                                                                                NaN      
    (Intercept):layer:model_type    0.077627      8    0.0097034    0.68851       0.70121       0.64421       0.69735       0.41698         0.03497      
    Error(layer:model_type)           2.1422    152     0.014093                                                                                NaN      

F(model) main effect: 6.6105
p_value main effect : 0.0227
F(model, stage) interaction: 0.68851
p_value interaction : 0.702
